test
0.0000
0.2237
0.0140
-0.0444
-0.1271
-0.0755
0.1433
0.1927
-0.1702
-0.0815
-0.0506
0.0708
0.1813
-0.0184
-0.2309
-0.0064
0.1113
0.0688
0.0908
-0.2083
-0.1106
0.1380
0.1439
-0.0468
-0.0392
-0.1923
0.0703
0.2219
-0.0237
-0.1268
-0.0746
-0.0143
0.1577
0.1429
-0.2258
-0.0746
0.0267
0.1072
0.1087
-0.0517
-0.2471
0.0709
0.1478
0.0359
0.0033
-0.1851
-0.0679
0.1905
0.1228
-0.1304
-0.0480
-0.1304
0.1228
0.1905
-0.0679
-0.1851
0.0033
0.0359
0.1478
0.0709
-0.2471
-0.0517
0.1087
0.1072
0.0267
-0.0746
-0.2258
0.1429
0.1577
-0.0143
-0.0746
-0.1268
-0.0237
0.2219
0.0703
-0.1923
-0.0392
-0.0468
0.1439
0.1380
-0.1106
-0.2083
0.0908
0.0688
0.1113
-0.0064
-0.2309
-0.0184
0.1813
0.0708
-0.0506
-0.0815
-0.1702
0.1927
0.1433
-0.0755
-0.1271
-0.0444
0.0140
0.2237
0.0000
-0.2237
-0.0140
0.0444
0.1271
0.0755
-0.1433
-0.1927
0.1702
0.0815
0.0506
-0.0708
-0.1813
0.0184
0.2309
0.0064
-0.1113
-0.0688
-0.0908
0.2083
0.1106
-0.1380
-0.1439
0.0468
0.0392
0.1923
-0.0703
-0.2219
0.0237
0.1268
0.0746
0.0143
-0.1577
-0.1429
0.2258
0.0746
-0.0267
-0.1072
-0.1087
0.0517
0.2471
-0.0709
-0.1478
-0.0359
-0.0033
0.1851
0.0679
-0.1905
-0.1228
0.1304
0.0480
0.1304
-0.1228
-0.1905
0.0679
0.1851
-0.0033
-0.0359
-0.1478
-0.0709
0.2471
0.0517
-0.1087
-0.1072
-0.0267
0.0746
0.2258
-0.1429
-0.1577
0.0143
0.0746
0.1268
0.0237
-0.2219
-0.0703
0.1923
0.0392
0.0468
-0.1439
-0.1380
0.1106
0.2083
-0.0908
-0.0688
-0.1113
0.0064
0.2309
0.0184
-0.1813
-0.0708
0.0506
0.0815
0.1702
-0.1927
-0.1433
0.0755
0.1271
0.0444
-0.0140
-0.2237
-0.0000
0.2237
0.0140
-0.0444
-0.1271
-0.0755
0.1433
0.1927
-0.1702
-0.0815
-0.0506
0.0708
0.1813
-0.0184
-0.2309
-0.0064
0.1113
0.0688
0.0908
-0.2083
-0.1106
0.1380
0.1439
-0.0468
-0.0392
-0.1923
0.0703
0.2219
-0.0237
-0.1268
-0.0746
-0.0143
0.1577
0.1429
-0.2258
-0.0746
0.0267
0.1072
0.1087
-0.0517
-0.2471
0.0709
0.1478
0.0359
0.0033
-0.1851
-0.0679
0.1905
0.1228
-0.1304
-0.0480
-0.1304
0.1228
0.1905
-0.0679
-0.1851
0.0033
0.0359
0.1478
0.0709
-0.2471
-0.0517
0.1087
0.1072
0.0267
-0.0746
-0.2258
0.1429
0.1577
-0.0143
-0.0746
-0.1268
-0.0237
0.2219
0.0703
-0.1923
-0.0392
-0.0468
0.1439
0.1380
-0.1106
-0.2083
0.0908
0.0688
0.1113
-0.0064
-0.2309
-0.0184
0.1813
0.0708
-0.0506
-0.0815
-0.1702
0.1927
0.1433
-0.0755
-0.1271
-0.0444
0.0140
0.2237
0.0000
-0.2237
-0.0140
0.0444
0.1271
0.0755
-0.1433
-0.1927
0.1702
0.0815
0.0506
-0.0708
-0.1813
0.0184
0.2309
0.0064
-0.1113
-0.0688
-0.0908
0.2083
0.1106
-0.1380
-0.1439
0.0468
0.0392
0.1923
-0.0703
-0.2219
0.0237
0.1268
0.0746
0.0143
-0.1577
-0.1429
0.2258
0.0746
-0.0267
-0.1072
-0.1087
0.0517
0.2471
-0.0709
-0.1478
-0.0359
-0.0033
0.1851
0.0679
-0.1905
-0.1228
0.1304
0.0480
0.1304
-0.1228
-0.1905
0.0679
0.1851
-0.0033
-0.0359
-0.1478
-0.0709
0.2471
0.0517
-0.1087
-0.1072
-0.0267
0.0746
0.2258
-0.1429
-0.1577
0.0143
0.0746
0.1268
0.0237
-0.2219
-0.0703
0.1923
0.0392
0.0468
-0.1439
-0.1380
0.1106
0.2083
-0.0908
-0.0688
-0.1113
0.0064
0.2309
0.0184
-0.1813
-0.0708
0.0506
0.0815
0.1702
-0.1927
-0.1433
0.0755
0.1271
0.0444
-0.0140
-0.2237
-0.0000
0.2237
0.0140
-0.0444
-0.1271
-0.0755
0.1433
0.1927
-0.1702
-0.0815
-0.0506
0.0708
0.1813
-0.0184
-0.2309
-0.0064
0.1113
0.0688
0.0908
-0.2083
-0.1106
0.1380
0.1439
-0.0468
-0.0392
-0.1923
0.0703
0.2219
-0.0237
-0.1268
-0.0746
-0.0143
0.1577
0.1429
-0.2258
-0.0746
0.0267
0.1072
0.1087
-0.0517
-0.2471
0.0709
0.1478
0.0359
0.0033
-0.1851
-0.0679
0.1905
0.1228
-0.1304
-0.0480
-0.1304
0.1228
0.1905
-0.0679
-0.1851
0.0033
0.0359
0.1478
0.0709
-0.2471
-0.0517
0.1087
0.1072
0.0267
-0.0746
-0.2258
0.1429
0.1577
-0.0143
-0.0746
-0.1268
-0.0237
0.2219
0.0703
-0.1923
-0.0392
-0.0468
0.1439
0.1380
-0.1106
-0.2083
0.0908
0.0688
0.1113
-0.0064
-0.2309
-0.0184
0.1813
0.0708
-0.0506
-0.0815
-0.1702
0.1927
0.1433
-0.0755
-0.1271
-0.0444
0.0140
0.2237
0.0000
-0.2237
-0.0139
0.0445
0.1272
0.0758
-0.1429
-0.1923
0.1708
0.0823
0.0515
-0.0697
-0.1800
0.0200
0.2326
0.0084
-0.1090
-0.0662
-0.0878
0.2116
0.1143
-0.1340
-0.1395
0.0516
0.0444
0.1980
-0.0642
-0.2153
0.0309
0.1344
0.0828
0.0231
-0.1484
-0.1330
0.2362
0.0857
-0.0149
-0.0948
-0.0956
0.0655
0.2616
-0.0557
-0.1318
-0.0192
0.0143
0.2034
0.0870
-0.1705
-0.1019
0.1521
0.0706
0.1539
-0.0983
-0.1651
0.0943
0.2124
0.0251
-0.0066
-0.1174
-0.0394
0.2796
0.0854
-0.0740
-0.0714
0.0103
0.1128
0.2651
-0.1024
-0.1159
0.0573
0.1188
0.1723
0.0705
-0.1738
-0.0209
0.2431
0.0913
0.1003
-0.0890
-0.0817
0.1684
0.2675
-0.0301
-0.0067
-0.0477
0.0715
0.2975
0.0867
-0.1115
0.0006
0.1236
0.1561
0.2464
-0.1148
-0.0637
0.1568
0.2100
0.1291
0.0725
-0.1355
0.0900
0.3155
0.1075
0.0509
-0.0300
0.0233
0.2439
0.2951
-0.0660
0.0244
0.0571
0.1802
0.2926
0.0946
-0.1161
0.1102
0.2296
0.1889
0.2126
-0.0847
0.0147
0.2651
0.2727
0.0838
0.0932
-0.0582
0.2062
0.3595
0.1157
0.0144
0.0683
0.1304
0.3041
0.2911
-0.0758
0.0771
0.1801
0.2625
0.2657
0.1070
-0.0866
0.2331
0.3118
0.2017
0.1708
-0.0158
0.1031
0.3633
0.2973
0.0458
0.1300
0.0493
0.3043
0.3737
0.1171
0.0016
0.1917
0.2261
0.3397
0.2646
-0.0516
0.1454
0.3076
0.3079
0.2290
0.1295
-0.0199
0.3505
0.3670
0.1967
0.1382
0.0877
0.1925
0.4399
0.2900
0.0292
0.1841
0.1781
0.3705
0.3665
0.1195
0.0236
0.3244
0.3042
0.3483
0.2324
0.0097
0.2238
0.4253
0.3165
0.1968
0.1676
0.0807
0.4453
0.3976
0.1805
0.1307
0.2151
0.2752
0.4866
0.2647
0.0427
0.2541
0.3142
0.3986
0.3488
0.1317
0.0840
0.4486
0.3616
0.3325
0.2128
0.1040
0.3054
0.5196
0.2968
0.1808
0.2250
0.2048
0.5056
0.4096
0.1626
0.1585
0.3509
0.3450
0.4999
0.2389
0.0891
0.3364
0.4412
0.3907
0.3321
0.1618
0.1782
0.5486
0.3992
0.2996
0.2207
0.2210
0.3831
0.5801
0.2639
0.1887
0.3022
0.3366
0.5266
0.4112
0.1545
0.2239
0.4788
0.3981
0.4821
0.2307
0.1646
0.4247
0.5436
0.3569
0.3260
0.2158
0.2944
0.6140
0.4204
0.2617
0.2648
0.3471
0.4501
0.6029
0.2359
0.2228
0.3965
0.4585
0.5123
0.4110
0.1670
0.3203
0.5846
0.4331
0.4425
0.2535
0.2610
0.5113
0.6106
0.3133
0.3369
0.2961
0.4154
0.6416
0.4309
0.2328
0.3450
0.4681
0.5006
0.5910
0.2297
0.2809
0.5013
0.5545
0.4735
0.4168
0.2088
0.4342
0.6595
0.4515
0.3948
0.3138
0.3670
0.5875
0.6386
0.2773
0.3677
0.4002
0.5233
0.6355
0.4374
0.2266
0.4528
0.5721
0.5313
0.5549
0.2575
0.3568
0.6072
0.6146
0.4256
0.4349
0.2834
0.5477
0.7009
0.4570
0.3556
0.4094
0.4713
0.6450
0.6319
0.2649
0.4177
0.5206
0.6028
0.6059
0.4472
0.2535
0.5731
0.6517
0.5415
0.5104
0.3237
0.4425
0.7026
0.6365
0.3850
0.4690
0.3883
0.6431
0.7125
0.4557
0.3402
0.5302
0.5645
0.6780
0.6027
0.2864
0.4834
0.6454
0.6456
0.5667
0.4670
0.3175
0.6878
0.7042
0.5339
0.4752
0.4247
0.5294
0.7766
0.6267
0.3657
0.5205
0.5144
0.7068
0.7026
0.4555
0.3595
0.6602
0.6399
0.6840
0.5679
0.3451
0.5591
0.7605
0.6516
0.5318
0.5025
0.4155
0.7800
0.7322
0.5150
0.4651
0.5494
0.6094
0.8207
0.5987
0.3766
0.5879
0.6479
0.7322
0.6823
0.4651
0.4173
0.7818
0.6947
0.6655
0.5457
0.4368
0.6381
0.8522
0.6293
0.5132
0.5573
0.5370
0.8377
0.7416
0.4946
0.4903
0.6826
0.6766
0.8314
0.5704
0.4204
0.6676
0.7723
0.7217
0.6630
0.4926
0.5090
0.8792
0.7297
0.6300
0.5511
0.5512
0.7132
0.9102
0.5938
0.5185
0.6319
0.6662
0.8562
0.7406
0.4838
0.5531
0.8079
0.7271
0.8111
0.5595
0.4934
0.7534
0.8721
0.6854
0.6543
0.5440
0.6225
0.9421
0.7484
0.5895
0.5926
0.6747
0.7776
0.9303
0.5632
0.5501
0.7237
0.7855
0.8393
0.7378
0.4938
0.6470
0.9112
0.7596
0.7688
0.5797
0.5871
0.8374
0.9366
0.6391
0.6627
0.6218
0.7410
0.9671
0.7563
0.5581
0.6702
0.7932
0.8256
0.9159
0.5546
0.6056
0.8260
0.8791
0.7980
0.7412
0.5330
0.7583
0.9836
0.7754
0.7186
0.6375
0.6906
0.9110
0.9620
0.6007
0.6909
0.7234
0.8463
0.9585
0.7603
0.5494
0.7755
0.8947
0.8538
0.8773
0.5798
0.6790
0.9293
0.9366
0.7475
0.7567
0.6051
0.8693
1.0225
0.7784
0.6769
0.7307
0.7925
0.9661
0.9529
0.5857
0.7384
0.8413
0.9234
0.9264
0.7675
0.5738
0.8933
0.9717
0.8614
0.8303
0.6435
0.7622
1.0222
0.9560
0.7044
0.7883
0.7075
0.9622
1.0315
0.7746
0.6590
0.8489
0.8831
0.9965
0.9212
0.6047
0.8016
0.9636
0.9637
0.8846
0.7849
0.6353
1.0055
1.0218
0.8513
0.7926
0.7420
0.8466
1.0937
0.9437
0.6826
0.8373
0.8312
1.0234
1.0191
0.7720
0.6758
0.9764
0.9561
1.0000
0.8839
0.6610
0.8749
1.0762
0.9672
0.8473
0.8179
0.7308
1.0952
1.0473
0.8300
0.7800
0.8643
0.9241
1.1354
0.9132
0.6911
0.9023
0.9622
1.0464
0.9964
0.7791
0.7312
1.0956
1.0085
0.9791
0.8593
0.7503
0.9516
1.1655
0.9425
0.8264
0.8704
0.8500
1.1506
1.0545
0.8074
0.8031
0.9953
0.9892
1.1439
0.8828
0.7328
0.9799
1.0845
1.0339
0.9752
0.8047
0.8210
1.1912
1.0416
0.9419
0.8629
0.8630
1.0249
1.2218
0.9054
0.8301
0.9435
0.9777
1.1676
1.0520
0.7951
0.8644
1.1191
1.0383
1.1222
0.8706
0.8045
1.0644
1.1832
0.9964
0.9653
0.8550
0.9334
1.2530
1.0592
0.9003
0.9034
0.9855
1.0884
1.2410
0.8739
0.8607
1.0343
1.0962
1.1499
1.0484
0.8044
0.9576
1.2217
1.0702
1.0794
0.8903
0.8977
1.1479
1.2471
0.9497
0.9732
0.9323
1.0515
1.2776
1.0668
0.8686
0.9807
1.1037
1.1362
1.2264
0.8651
0.9161
1.1365
1.1896
1.1085
1.0518
0.8436
1.0689
1.2942
1.0861
1.0293
0.9482
1.0013
1.2217
1.2728
0.9115
1.0017
1.0342
1.1572
1.2693
1.0712
0.8603
1.0864
1.2057
1.1648
1.1883
0.8909
0.9901
1.2404
1.2478
1.0588
1.0680
0.9165
1.1807
1.3339
1.0899
0.9884
1.0422
1.1041
1.2777
1.2645
0.8975
1.0502
1.1531
1.2353
1.2384
1.0795
0.8858
1.2054
1.2839
1.1737
1.1426
0.9559
1.0747
1.3347
1.2686
1.0170
1.1010
1.0203
1.2751
1.3444
1.0876
0.9721
1.1620
1.1963
1.3098
1.2345
0.9182
1.1151
1.2772
1.2773
1.1984
1.0987
0.9492
1.3195
1.3359
1.1655
1.1069
1.0563
1.1610
1.4083
1.2583
0.9973
1.1521
1.1461
1.3384
1.3342
1.0872
0.9912
1.2919
1.2716
1.3157
1.1997
0.9768
1.1909
1.3923
1.2833
1.1636
1.1343
1.0473
1.4119
1.3641
1.1469
1.0970
1.1813
1.2413
1.4527
1.2307
1.0086
1.2200
1.2800
1.3643
1.3144
1.0973
1.0495
1.4140
1.3270
1.2978
1.1781
1.0692
1.2706
1.4846
1.2618
1.1458
1.1899
1.1696
1.4704
1.3744
1.1273
1.1232
1.3155
1.3095
1.4644
1.2034
1.0535
1.3008
1.4055
1.3550
1.2964
1.1260
1.1424
1.5128
1.3633
1.2637
1.1848
1.1850
1.3471
1.5441
1.2278
1.1526
1.2661
1.3004
1.4905
1.3750
1.1182
1.1876
1.4425
1.3618
1.4458
1.1943
1.1283
1.3884
1.5072
1.3206
1.2896
1.1794
1.2580
1.5776
1.3840
1.2252
1.2284
1.3106
1.4136
1.5664
1.1994
1.1864
1.3601
1.4220
1.4759
1.3745
1.1306
1.2839
1.5482
1.3967
1.4061
1.2171
1.2246
1.4749
1.5743
1.2769
1.3005
1.2598
1.3791
1.6053
1.3946
1.1966
1.3088
1.4319
1.4645
1.5548
1.1936
1.2448
1.4653
1.5185
1.4376
1.3809
1.1729
1.3983
1.6237
1.4157
1.3590
1.2781
1.3313
1.5518
1.6030
1.2418
1.3321
1.3648
1.4879
1.6001
1.4021
1.1914
1.4176
1.5369
1.4962
1.5198
1.2225
1.3219
1.5723
1.5798
1.3908
1.4002
1.2488
1.5131
1.6664
1.4225
1.3212
1.3751
1.4371
1.6108
1.5978
1.2308
1.3837
1.4867
1.5690
1.5722
1.4135
1.2199
1.5396
1.6182
1.5081
1.4771
1.2905
1.4094
1.6696
1.6036
1.3521
1.4363
1.3556
1.6105
1.6800
1.4233
1.3079
1.4979
1.5324
1.6459
1.5708
1.2546
1.4516
1.6138
1.6141
1.5352
1.4357
1.2863
1.6567
1.6732
1.5030
1.4444
1.3940
1.4988
1.7462
1.5963
1.3354
1.4904
1.4844
1.6769
1.6728
1.4259
1.3300
1.6308
1.6106
1.6548
1.5389
1.3162
1.5303
1.7319
1.6231
1.5034
1.4743
1.3874
1.7520
1.7044
1.4873
1.4375
1.5220
1.5821
1.7936
1.5716
1.3497
1.5612
1.6213
1.7057
1.6560
1.4389
1.3913
1.7559
1.6690
1.6399
1.5203
1.4115
1.6130
1.8272
1.6045
1.4886
1.5328
1.5127
1.8135
1.7176
1.4707
1.4667
1.6591
1.6532
1.8082
1.5473
1.3975
1.6449
1.7498
1.6993
1.6408
1.4706
1.4871
1.8576
1.7083
1.6087
1.5300
1.5303
1.6925
1.8896
1.5734
1.4983
1.6119
1.6464
1.8365
1.7211
1.4645
1.5340
1.7890
1.7084
1.7926
1.5412
1.4753
1.7355
1.8544
1.6679
1.6370
1.5269
1.6056
1.9254
1.7318
1.5732
1.5765
1.6588
1.7619
1.9148
1.5480
1.5350
1.7088
1.7709
1.8249
1.7236
1.4798
1.6332
1.8976
1.7463
1.7557
1.5668
1.5745
1.8249
1.9244
1.6271
1.6509
1.6102
1.7297
1.9560
1.7454
1.5474
1.6598
1.7830
1.8157
1.9062
1.5451
1.5964
1.8170
1.8703
1.7895
1.7329
1.5250
1.7505
1.9760
1.7681
1.7116
1.6307
1.6841
1.9047
1.9559
1.5948
1.6853
1.7180
1.8412
1.9536
1.7556
1.5450
1.7713
1.8908
1.8501
1.8739
1.5766
1.6761
1.9265
1.9342
1.7453
1.7547
1.6034
1.8678
2.0212
1.7774
1.6761
1.7301
1.7922
1.9660
1.9530
1.5861
1.7391
1.8422
1.9245
1.9278
1.7691
1.5756
1.8954
1.9741
1.8640
1.8331
1.6466
1.7655
2.0257
1.9598
1.7084
1.7926
1.7120
1.9669
2.0364
1.7798
1.6644
1.8546
1.8890
2.0027
1.9275
1.6114
1.8085
1.9707
1.9710
1.8922
1.7927
1.6434
2.0138
2.0303
1.8601
1.8016
1.7512
1.8560
2.1034
1.9536
1.6928
1.8477
1.8418
2.0343
2.0302
1.7833
1.6875
1.9883
1.9681
2.0123
1.8965
1.6737
1.8879
2.0894
1.9807
1.8611
1.8319
1.7450
2.1097
2.0620
1.8450
1.7952
1.8796
1.9398
2.1512
1.9293
1.7074
1.9188
1.9790
2.0634
2.0136
1.7966
1.7489
2.1136
2.0267
1.9975
1.8779
1.7691
1.9706
2.1848
1.9620
1.8461
1.8903
1.8702
2.1710
2.0751
1.8281
1.8241
2.0165
2.0106
2.1655
1.9046
1.7548
2.0022
2.1070
2.0565
1.9980
1.8277
1.8442
2.2146
2.0653
1.9657
1.8869
1.8872
2.0493
2.2464
1.9302
1.8550
1.9686
2.0030
2.1931
2.0777
1.8210
1.8905
2.1454
2.0647
2.1488
1.8974
1.8314
2.0915
2.2104
2.0238
1.9929
1.8828
1.9614
2.2811
2.0875
1.9288
1.9320
2.0143
2.1173
2.2702
1.9032
1.8902
2.0639
2.1259
2.1798
2.0785
1.8346
1.9879
2.2523
2.1008
2.1102
1.9212
1.9288
2.1792
2.2785
1.9812
2.0048
1.9641
2.0835
2.3097
2.0990
1.9009
2.0132
2.1363
2.1689
2.2593
1.8981
1.9493
2.1698
2.2230
2.1421
2.0854
1.8774
2.1028
2.3282
2.1202
2.0636
1.9826
2.0358
2.2563
2.3075
1.9463
2.0367
2.0693
2.1923
2.3046
2.1065
1.8958
2.1220
2.2414
2.2006
2.2243
1.9269
2.0263
2.2766
2.2841
2.0952
2.1045
1.9530
2.2174
2.3706
2.1267
2.0254
2.0792
2.1412
2.3149
2.3018
1.9349
2.0877
2.1907
2.2729
2.2761
2.1173
1.9237
2.2434
2.3219
2.2118
2.1808
1.9941
2.1130
2.3731
2.3070
2.0556
2.1396
2.0589
2.3138
2.3832
2.1265
2.0110
2.2010
2.2353
2.3489
2.2737
1.9574
2.1544
2.3165
2.3167
2.2378
2.1382
1.9887
2.3591
2.3755
2.2052
2.1466
2.0961
2.2008
2.4481
2.2982
2.0372
2.1921
2.1861
2.3784
2.3743
2.1273
2.0313
2.3320
2.3118
2.3559
2.2399
2.0171
2.2311
2.4326
2.3237
2.2040
2.1747
2.0877
2.4523
2.4045
2.1874
2.1375
2.2218
2.2818
2.4932
2.2712
2.0492
2.2605
2.3205
2.4049
2.3550
2.1379
2.0901
2.4546
2.3676
2.3384
2.2186
2.1097
2.3112
2.5252
2.3024
2.1864
2.2305
2.2102
2.5109
2.4149
2.1679
2.1637
2.3560
2.3500
2.5048
2.2439
2.0939
2.3412
2.4459
2.3953
2.3367
2.1663
2.1827
2.5531
2.4036
2.3039
2.2250
2.2252
2.3872
2.5842
2.2679
2.1926
2.3061
2.3404
2.5304
2.4149
2.1581
2.2274
2.4823
2.4015
2.4855
2.2340
2.1679
2.4279
2.5467
2.3600
2.3290
2.2188
2.2973
2.6169
2.4232
2.2644
2.2675
2.3497
2.4526
2.6053
2.2383
2.2252
2.3988
2.4607
2.5145
2.4131
2.1691
2.3223
2.5865
2.4350
2.4443
2.2552
2.2626
2.5129
2.6122
2.3148
2.3383
2.2975
2.4168
2.6429
2.4321
2.2339
2.3461
2.4691
2.5016
2.5919
2.2306
2.2816
2.5021
2.5552
2.4741
2.4174
2.2093
2.4346
2.6599
2.4518
2.3950
2.3140
2.3671
2.5875
2.6386
2.2773
2.3675
2.4001
2.5230
2.6352
2.4370
2.2262
2.4523
2.5716
2.5307
2.5543
2.2568
2.3560
2.6063
2.6137
2.4247
2.4339
2.2823
2.5466
2.6997
2.4557
2.3543
2.4081
2.4699
2.6435
2.6304
2.2633
2.4160
2.5189
2.6010
2.6041
2.4453
2.2515
2.5711
2.6496
2.5393
2.5082
2.3215
2.4402
2.7002
2.6341
2.3825
2.4665
2.3857
2.6404
2.7097
2.4529
2.3373
2.5272
2.5615
2.6749
2.5996
2.2832
2.4801
2.6421
2.6423
2.5633
2.4636
2.3140
2.6843
2.7006
2.5302
2.4715
2.4209
2.5255
2.7727
2.6227
2.3616
2.5164
2.5103
2.7025
2.6983
2.4512
2.3551
2.6557
2.6354
2.6794
2.5633
2.3404
2.5544
2.7557
2.6467
2.5269
2.4976
2.4105
2.7749
2.7271
2.5098
2.4598
2.5441
2.6040
2.8153
2.5932
2.3710
2.5823
2.6422
2.7265
2.6765
2.4592
2.4114
2.7758
2.6887
2.6594
2.5396
2.4306
2.6319
2.8458
2.6229
2.5068
2.5508
2.5304
2.8310
2.7349
2.4878
2.4836
2.6758
2.6697
2.8244
2.5633
2.4133
2.6605
2.7651
2.7144
2.6557
2.4852
2.5015
2.8718
2.7222
2.6224
2.5434
2.5435
2.7055
2.9023
2.5859
2.5106
2.6240
2.6582
2.8481
2.7324
2.4756
2.5448
2.7995
2.7187
2.8026
2.5510
2.4848
2.7447
2.8634
2.6766
2.6455
2.5352
2.6136
2.9331
2.7393
2.5804
2.5834
2.6655
2.7683
2.9210
2.5539
2.5406
2.7142
2.7760
2.8297
2.7282
2.4841
2.6372
2.9013
2.7497
2.7589
2.5697
2.5771
2.8273
2.9265
2.6289
2.6524
2.6115
2.7306
2.9566
2.7457
2.5475
2.6596
2.7825
2.8149
2.9051
2.5437
2.5947
2.8150
2.8680
2.7869
2.7300
2.5218
2.7470
2.9722
2.7641
2.7072
2.6260
2.6791
2.8994
2.9504
2.5890
2.6791
2.7116
2.8345
2.9465
2.7483
2.5374
2.7634
2.8825
2.8416
2.8650
2.5675
2.6666
2.9168
2.9241
2.7350
2.7441
2.5925
2.8566
3.0097
2.7656
2.6640
2.7177
2.7795
2.9530
2.9397
2.5726
2.7252
2.8280
2.9101
2.9130
2.7541
2.5603
2.8797
2.9581
2.8478
2.8166
2.6297
2.7484
3.0083
2.9421
2.6904
2.7743
2.6934
2.9480
3.0173
2.7603
2.6447
2.8345
2.8687
2.9820
2.9066
2.5901
2.7869
2.9488
2.9489
2.8698
2.7700
2.6204
2.9905
3.0068
2.8362
2.7774
2.7267
2.8313
3.0784
2.9283
2.6671
2.8218
2.8156
3.0078
3.0034
2.7562
2.6601
2.9606
2.9402
2.9841
2.8679
2.6449
2.8588
3.0600
2.9509
2.8310
2.8016
2.7144
3.0788
3.0308
2.8135
2.7634
2.8476
2.9074
3.1186
2.8964
2.6742
2.8853
2.9452
3.0293
2.9793
2.7619
2.7139
3.0783
2.9911
2.9617
2.8418
2.7327
2.9339
3.1478
2.9248
2.8086
2.8525
2.8320
3.1325
3.0364
2.7891
2.7848
2.9769
2.9707
3.1254
2.8642
2.7141
2.9611
3.0657
3.0149
2.9561
2.7856
2.8018
3.1719
3.0222
2.9224
2.8433
2.8433
3.0052
3.2019
2.8854
2.8100
2.9233
2.9574
3.1472
3.0315
2.7745
2.8437
3.0983
3.0174
3.1012
2.8495
2.7832
3.0431
3.1617
2.9748
2.9436
2.8332
2.9115
3.2309
3.0370
2.8781
2.8810
2.9630
3.0657
3.2183
2.8510
2.8377
3.0112
3.0729
3.1265
3.0249
2.7807
2.9338
3.1978
3.0461
3.0552
2.8659
2.8732
3.1233
3.2224
2.9248
2.9481
2.9071
3.0262
3.2521
3.0412
2.8428
2.9548
3.0776
3.1100
3.2000
2.8386
2.8895
3.1097
3.1627
3.0814
3.0245
2.8162
3.0413
3.2664
3.0581
3.0012
2.9200
2.9729
3.1931
3.2440
2.8825
2.9726
3.0050
3.1277
3.2397
3.0414
2.8304
3.0563
3.1754
3.1344
3.1577
2.8601
2.9591
3.2092
3.2165
3.0272
3.0363
2.8845
3.1486
3.3016
3.0574
2.9557
3.0093
3.0710
3.2444
3.2311
2.8638
3.0164
3.1191
3.2011
3.2039
3.0449
2.8510
3.1704
3.2487
3.1382
3.1070
2.9200
3.0386
3.2984
3.2321
2.9804
3.0642
2.9832
3.2378
3.3069
3.0499
2.9341
3.1238
3.1579
3.2712
3.1957
2.8791
3.0759
3.2377
3.2376
3.1585
3.0586
2.9088
3.2789
3.2951
3.1245
3.0656
3.0148
3.1192
3.3663
3.2161
2.9548
3.1094
3.1031
3.2952
3.2908
3.0435
2.9473
3.2477
3.2272
3.2710
3.1548
2.9317
3.1455
3.3466
3.2374
3.1175
3.0879
3.0007
3.3650
3.3169
3.0995
3.0493
3.1334
3.1932
3.4042
3.1819
2.9596
3.1707
3.2305
3.3145
3.2644
3.0470
2.9989
3.3632
3.2759
3.2464
3.1264
3.0172
3.2184
3.4322
3.2090
3.0928
3.1366
3.1161
3.4165
3.3202
3.0729
3.0685
3.2605
3.2542
3.4088
3.1475
2.9973
3.2443
3.3488
3.2979
3.2390
3.0684
3.0845
3.4546
3.3048
3.2049
3.1257
3.1256
3.2874
3.4841
3.1675
3.0920
3.2052
3.2392
3.4289
3.3131
3.0561
3.1252
3.3797
3.2987
3.3825
3.1306
3.0643
3.3241
3.4426
3.2556
3.2243
3.1138
3.1921
3.5114
3.3174
3.1584
3.1612
3.2431
3.3458
3.4982
3.1309
3.1175
3.2909
3.3525
3.4061
3.3044
3.0601
3.2131
3.4770
3.3252
3.3342
3.1449
3.1521
3.4021
3.5011
3.2034
3.2267
3.1856
3.3046
3.5304
3.3194
3.1210
3.2329
3.3556
3.3878
3.4778
3.1163
3.1671
3.3872
3.4401
3.3588
3.3018
3.0934
3.3184
3.5435
3.3351
3.2781
3.1967
3.2496
3.4698
3.5206
3.1590
3.2490
3.2812
3.4040
3.5159
3.3174
3.1064
3.3322
3.4512
3.4101
3.4333
3.1356
3.2346
3.4846
3.4918
3.3024
3.3114
3.1596
3.4235
3.5765
3.3322
3.2304
3.2840
3.3456
3.5189
3.5055
3.1382
3.2906
3.3932
3.4751
3.4779
3.3188
3.1248
3.4441
3.5223
3.4118
3.3805
3.1935
3.3120
3.5717
3.5053
3.2534
3.3372
3.2561
3.5106
3.5796
3.3225
3.2067
3.3964
3.4304
3.5435
3.4680
3.1513
3.3480
3.5097
3.5096
3.4303
3.3303
3.1805
3.5505
3.5666
3.3959
3.3370
3.2861
3.3905
3.6374
3.4871
3.2258
3.3803
3.3739
3.5659
3.5614
3.3141
3.2177
3.5181
3.4975
3.5412
3.4249
3.2017
3.4154
3.6165
3.5073
3.3872
3.3576
3.2703
3.6345
3.5863
3.3688
3.3186
3.4026
3.4623
3.6733
3.4509
3.2285
3.4395
3.4992
3.5832
3.5329
3.3154
3.2673
3.6315
3.5441
3.5145
3.3944
3.2852
3.4863
3.7000
3.4768
3.3604
3.4042
3.3835
3.6839
3.5875
3.3402
3.3356
3.5276
3.5213
3.6757
3.4144
3.2641
3.5110
3.6154
3.5645
3.5055
3.3348
3.3508
3.7208
3.5709
3.4709
3.3917
3.3915
3.5532
3.7498
3.4332
3.3575
3.4707
3.5046
3.6943
3.5784
3.3213
3.3903
3.6447
3.5636
3.6473
3.3954
3.3290
3.5887
3.7071
3.5201
3.4887
3.3781
3.4563
3.7755
3.5815
3.4223
3.4251
3.5069
3.6095
3.7619
3.3945
3.3810
3.5543
3.6159
3.6693
3.5676
3.3232
3.4761
3.7400
3.5881
3.5970
3.4076
3.4147
3.6647
3.7636
3.4658
3.4890
3.4478
3.5667
3.7925
3.5814
3.3829
3.4947
3.6173
3.6495
3.7395
3.3778
3.4285
3.6486
3.7014
3.6200
3.5629
3.3545
3.5794
3.8044
3.5959
3.5388
3.4574
3.5102
3.7303
3.7810
3.4194
3.5093
3.5415
3.6641
3.7759
3.5774
3.3663
3.5920
3.7109
3.6697
3.6929
3.3951
3.4940
3.7440
3.7510
3.5616
3.5705
3.4186
3.6825
3.8353
3.5910
3.4892
3.5426
3.6041
3.7774
3.7639
3.3965
3.5489
3.6514
3.7332
3.7359
3.5768
3.3827
3.7019
3.7801
3.6695
3.6380
3.4509
3.5694
3.8290
3.7625
3.5106
3.5943
3.5131
3.7675
3.8365
3.5793
3.4634
3.6530
3.6869
3.8000
3.7244
3.4076
3.6042
3.7659
3.7657
3.6863
3.5863
3.4364
3.8063
3.8223
3.6515
3.5925
3.5416
3.6459
3.8927
3.7424
3.4810
3.6354
3.6290
3.8209
3.8163
3.5689
3.4725
3.7727
3.7521
3.7957
3.6793
3.4561
3.6697
3.8707
3.7614
3.6412
3.6116
3.5241
3.8883
3.8401
3.6225
3.5722
3.6561
3.7157
3.9266
3.7042
3.4817
3.6926
3.7522
3.8361
3.7858
3.5682
3.5200
3.8841
3.7967
3.7670
3.6469
3.5376
3.7385
3.9522
3.7289
3.6125
3.6561
3.6354
3.9357
3.8393
3.5918
3.5872
3.7791
3.7727
3.9271
3.6657
3.5153
3.7622
3.8664
3.8155
3.7564
3.5856
3.6016
3.9715
3.8216
3.7215
3.6421
3.6419
3.8035
4.0001
3.6833
3.6076
3.7207
3.7546
3.9441
3.8282
3.5710
3.6399
3.8943
3.8131
3.8967
3.6448
3.5783
3.8379
3.9563
3.7691
3.7377
3.6270
3.7051
4.0243
3.8302
3.6709
3.6736
3.7554
3.8579
4.0102
3.6427
3.6292
3.8024
3.8639
3.9173
3.8154
3.5710
3.7238
3.9876
3.8357
3.8445
3.6550
3.6620
3.9119
4.0108
3.7129
3.7360
3.6948
3.8136
4.0393
3.8281
3.6296
3.7413
3.8639
3.8960
3.9858
3.6241
3.6748
3.8948
3.9475
3.8660
3.8088
3.6003
3.8252
4.0501
3.8416
3.7844
3.7029
3.7556
3.9756
4.0263
3.6646
3.7544
3.7865
3.9091
4.0208
3.8222
3.6110
3.8367
3.9555
3.9143
3.9374
3.6395
3.7383
3.9882
3.9952
3.8057
3.8146
3.6626
3.9264
4.0791
3.8347
3.7328
3.7862
3.8477
4.0209
4.0073
3.6398
3.7921
3.8946
3.9763
3.9789
3.8197
3.6256
3.9447
4.0228
3.9121
3.8806
3.6934
3.8118
4.0714
4.0048
3.7528
3.8364
3.7552
4.0095
4.0784
3.8212
3.7052
3.8947
3.9285
4.0416
3.9658
3.6490
3.8455
4.0071
4.0069
3.9275
3.8273
3.6774
4.0472
4.0631
3.8923
3.8332
3.7822
3.8864
4.1332
3.9828
3.7213
3.8756
3.8691
4.0610
4.0563
3.8088
3.7123
4.0126
3.9918
4.0354
3.9189
3.6956
3.9092
4.1101
4.0007
3.8805
3.8507
3.7632
4.1273
4.0790
3.8614
3.8110
3.8948
3.9543
4.1652
3.9427
3.7201
3.9310
3.9905
4.0744
4.0240
3.8063
3.7580
4.1221
4.0346
4.0048
3.8846
3.7752
3.9761
4.1897
3.9664
3.8499
3.8935
3.8727
4.1729
4.0764
3.8289
3.8242
4.0160
4.0095
4.1638
3.9024
3.7519
3.9987
4.1029
4.0518
3.9927
3.8219
3.8378
4.2076
4.0576
3.9575
3.8780
3.8777
4.0393
4.2358
3.9189
3.8432
3.9562
3.9900
4.1795
4.0634
3.8062
3.8750
4.1294
4.0481
4.1316
3.8796
3.8130
4.0726
4.1909
4.0037
3.9721
3.8614
3.9395
4.2586
4.0644
3.9051
3.9077
3.9894
4.0918
4.2441
3.8765
3.8629
4.0360
4.0974
4.1508
4.0488
3.8044
3.9571
4.2208
4.0688
4.0776
3.8880
3.8950
4.1448
4.2436
3.9456
3.9687
3.9274
4.0462
4.2718
4.0605
3.8619
3.9735
4.0960
4.1281
4.2179
3.8561
3.9067
4.1266
4.1792
4.0977
4.0405
3.8319
4.0567
4.2815
4.0729
4.0157
3.9341
3.9868
4.2067
4.2573
3.8955
3.9853
4.0173
4.1398
4.2514
4.0528
3.8415
4.0671
4.1859
4.1446
4.1676
3.8697
3.9684
4.2182
4.2252
4.0356
4.0444
3.8923
4.1560
4.3087
4.0642
3.9623
4.0156
4.0770
4.2501
4.2365
3.8689
4.0211
4.1235
4.2052
4.2078
4.0485
3.8543
4.1733
4.2513
4.1406
4.1090
3.9218
4.0401
4.2996
4.2330
3.9809
4.0644
3.9831
4.2374
4.3062
4.0489
3.9329
4.1223
4.1561
4.2690
4.1932
3.8764
4.0728
4.2343
4.2340
4.1545
4.0543
3.9043
4.2741
4.2899
4.1190
4.0599
4.0088
4.1129
4.3596
4.2091
3.9476
4.1019
4.0953
4.2871
4.2824
4.0348
3.9383
4.2384
4.2176
4.2611
4.1446
3.9212
4.1347
4.3355
4.2261
4.1058
4.0760
3.9884
4.3524
4.3040
4.0863
4.0359
4.1197
4.1791
4.3899
4.1673
3.9447
4.1555
4.2150
4.2987
4.2483
4.0306
3.9822
4.3462
4.2586
4.2288
4.1085
3.9990
4.1999
4.4134
4.1900
4.0734
4.1169
4.0961
4.3962
4.2997
4.0521
4.0474
4.2391
4.2325
4.3868
4.1253
3.9747
4.2214
4.3256
4.2745
4.2153
4.0443
4.0602
4.4299
4.2799
4.1797
4.1002
4.0998
4.2613
4.4577
4.1408
4.0650
4.1779
4.2117
4.4011
4.2850
4.0277
4.0965
4.3507
4.2694
4.3529
4.1008
4.0341
4.2936
4.4118
4.2246
4.1930
4.0822
4.1601
4.4792
4.2849
4.1256
4.1281
4.2097
4.3121
4.4643
4.0967
4.0830
4.2561
4.3174
4.3707
4.2687
4.0241
4.1768
4.4405
4.2884
4.2971
4.1075
4.1144
4.3641
4.4628
4.1648
4.1878
4.1464
4.2651
4.4907
4.2793
4.0806
4.1923
4.3147
4.3467
4.4364
4.0745
4.1250
4.3449
4.3975
4.3159
4.2586
4.0499
4.2747
4.4994
4.2908
4.2335
4.1518
4.2044
4.4243
4.4748
4.1129
4.2027
4.2346
4.3571
4.4687
4.2699
4.0586
4.2841
4.4028
4.3615
4.3844
4.0864
4.1851
4.4348
4.4417
4.2521
4.2608
4.1087
4.3723
4.5250
4.2804
4.1784
4.2316
4.2930
4.4660
4.4523
4.0847
4.2369
4.3392
4.4208
4.4233
4.2639
4.0697
4.3887
4.4666
4.3558
4.3242
4.1369
4.2551
4.5145
4.4479
4.1957
4.2792
4.1978
4.4520
4.5208
4.2634
4.1473
4.3367
4.3704
4.4833
4.4074
4.0905
4.2869
4.4483
4.4479
4.3684
4.2681
4.1180
4.4877
4.5035
4.3326
4.2733
4.2222
4.3263
4.5729
4.4224
4.1608
4.3150
4.3084
4.5001
4.4953
4.2476
4.1510
4.4511
4.4302
4.4737
4.3571
4.1336
4.3470
4.5478
4.4383
4.3180
4.2881
4.2005
4.5644
4.5160
4.2982
4.2477
4.3314
4.3908
4.6015
4.3789
4.1562
4.3669
4.4263
4.5100
4.4595
4.2417
4.1933
4.5572
4.4696
4.4397
4.3194
4.2098
4.4106
4.6241
4.4006
4.2840
4.3274
4.3065
4.6066
4.5100
4.2623
4.2575
4.4492
4.4426
4.5968
4.3352
4.1846
4.4312
4.5353
4.4841
4.4249
4.2539
4.2696
4.6393
4.4892
4.3890
4.3094
4.3090
4.4704
4.6667
4.3498
4.2739
4.3868
4.4205
4.6098
4.4937
4.2363
4.3050
4.5592
4.4778
4.5612
4.3090
4.2423
4.5017
4.6199
4.4326
4.4009
4.2901
4.3680
4.6870
4.4926
4.3332
4.3357
4.4173
4.5196
4.6717
4.3040
4.2903
4.4633
4.5246
4.5778
4.4757
4.2311
4.3837
4.6473
4.4952
4.5038
4.3141
4.3210
4.5706
4.6693
4.3712
4.3942
4.3527
4.4714
4.6969
4.4854
4.2867
4.3982
4.5206
4.5525
4.6422
4.2803
4.3307
4.5505
4.6030
4.5214
4.4640
4.2553
4.4800
4.7047
4.4959
4.4386
4.3569
4.4094
4.6292
4.6797
4.3178
4.4074
4.4393
4.5617
4.6732
4.4744
4.2630
4.4885
4.6072
4.5657
4.5886
4.2906
4.3892
4.6389
4.6457
4.4560
4.4646
4.3124
4.5760
4.7286
4.4840
4.3819
4.4351
4.4964
4.6694
4.6556
4.2879
4.4400
4.5423
4.6239
4.6263
4.4668
4.2725
4.5915
4.6693
4.5585
4.5268
4.3394
4.4576
4.7170
4.6502
4.3980
4.4814
4.4000
4.6541
4.7229
4.4654
4.3492
4.5385
4.5722
4.6850
4.6091
4.2921
4.4884
4.6498
4.6494
4.5698
4.4695
4.3193
4.6890
4.7047
4.5336
4.4744
4.4231
4.5272
4.7738
4.6231
4.3615
4.5156
4.5090
4.7006
4.6958
4.4481
4.3514
4.6514
4.6305
4.6739
4.5572
4.3337
4.5471
4.7478
4.6382
4.5178
4.4879
4.4002
4.7640
4.7156
4.4977
4.4472
4.5308
4.5901
4.8008
4.5781
4.3554
4.5660
4.6254
4.7090
4.6585
4.4406
4.3921
4.7560
4.6683
4.6384
4.5179
4.4084
4.6091
4.8224
4.5989
4.4822
4.5256
4.5047
4.8047
4.7080
4.4603
4.4554
4.6471
4.6404
4.7945
4.5328
4.3822
4.6288
4.7328
4.6816
4.6223
4.4512
4.4669
4.8365
4.6864
4.5860
4.5064
4.5059
4.6673
4.8636
4.5466
4.4706
4.5834
4.6171
4.8064
4.6902
4.4327
4.5014
4.7555
4.6741
4.7574
4.5052
4.4384
4.6978
4.8159
4.6285
4.5968
4.4859
4.5637
4.8826
4.6883
4.5288
4.5312
4.6127
4.7149
4.8670
4.4993
4.4855
4.6584
4.7197
4.7728
4.6707
4.4260
4.5786
4.8421
4.6899
4.6985
4.5088
4.5155
4.7651
4.8637
4.5656
4.5885
4.5470
4.6656
4.8910
4.6795
4.4807
4.5922
4.7145
4.7464
4.8360
4.4740
4.5244
4.7442
4.7966
4.7149
4.6575
4.4487
4.6733
4.8979
4.6892
4.6317
4.5500
4.6025
4.8222
4.8726
4.5106
4.6002
4.6321
4.7544
4.8659
4.6670
4.4556
4.6810
4.7996
4.7581
4.7809
4.4828
4.5814
4.8310
4.8377
4.6480
4.6566
4.5043
4.7679
4.9204
4.6757
4.5736
4.6267
4.6879
4.8609
4.8470
4.4793
4.6313
4.7336
4.8151
4.8174
4.6579
4.4635
4.7824
4.8603
4.7493
4.7176
4.5302
4.6483
4.9076
4.8408
4.5885
4.6719
4.5904
4.8445
4.9131
4.6557
4.5394
4.7287
4.7623
4.8750
4.7991
4.4820
4.6783
4.8396
4.8391
4.7594
4.6591
4.5089
4.8784
4.8941
4.7230
4.6637
4.6124
4.7164
4.9629
4.8122
4.5505
4.7046
4.6979
4.8895
4.8846
4.6368
4.5401
4.8401
4.8191
4.8624
4.7457
4.5221
4.7354
4.9361
4.8265
4.7060
4.6760
4.5883
4.9521
4.9035
4.6856
4.6350
4.7186
4.7779
4.9885
4.7657
4.5429
4.7536
4.8128
4.8964
4.8458
4.6279
4.5794
4.9432
4.8554
4.8254
4.7050
4.5953
4.7960
5.0093
4.7857
4.6690
4.7123
4.6913
4.9913
4.8945
4.6467
4.6418
4.8334
4.8267
4.9807
4.7190
4.5683
4.8148
4.9188
4.8675
4.8082
4.6370
4.6527
5.0223
4.8721
4.7717
4.6920
4.6914
4.8528
5.0490
4.7319
4.6559
4.7687
4.8022
4.9915
4.8752
4.6177
4.6863
4.9404
4.8589
4.9422
4.6899
4.6231
4.8824
5.0005
4.8130
4.7812
4.6703
4.7481
5.0669
4.8725
4.7130
4.7153
4.7968
4.8990
5.0510
4.6832
4.6693
4.8422
4.9034
4.9565
4.8543
4.6096
4.7621
5.0256
4.8733
4.8818
4.6920
4.6988
4.9483
5.0469
4.7487
4.7715
4.7300
4.8485
5.0739
4.8623
4.6635
4.7749
4.8972
4.9290
5.0185
4.6565
4.7068
4.9265
4.9789
4.8971
4.8397
4.6308
4.8554
5.0800
4.8711
4.8137
4.7319
4.7843
5.0040
5.0543
4.6923
4.7818
4.8136
4.9359
5.0473
4.8484
4.6369
4.8623
4.9808
4.9392
4.9620
4.6638
4.7624
5.0119
5.0186
4.8288
4.8374
4.6851
4.9486
5.1010
4.8563
4.7541
4.8072
4.8683
5.0412
5.0273
4.6595
4.8115
4.9137
4.9951
4.9975
4.8379
4.6435
4.9623
5.0401
4.9291
4.8973
4.7098
4.8279
5.0871
5.0203
4.7680
4.8512
4.7697
5.0238
5.0924
4.8348
4.7185
4.9077
4.9413
5.0540
4.9780
4.6609
4.8571
5.0183
5.0178
4.9381
4.8376
4.6874
5.0569
5.0725
4.9014
4.8420
4.7906
4.8946
5.1411
4.9903
4.7286
4.8826
4.8758
5.0674
5.0624
4.8146
4.7178
5.0177
4.9967
5.0400
4.9232
4.6995
4.9128
5.1134
5.0037
4.8832
4.8532
4.7654
5.1291
5.0806
4.8626
4.8119
4.8955
4.9547
5.1653
4.9424
4.7196
4.9302
4.9894
5.0729
5.0222
4.8043
4.7557
5.1195
5.0317
5.0016
4.8811
4.7714
4.9720
5.1853
4.9616
4.8448
4.8881
4.8670
5.1670
5.0702
4.8223
4.8174
5.0089
5.0021
5.1561
4.8943
4.7436
4.9901
5.0940
5.0426
4.9832
4.8121
4.8277
5.1972
5.0469
4.9465
4.8667
4.8661
5.0274
5.2236
4.9065
4.8304
4.9431
4.9766
5.1658
5.0495
4.7919
4.8605
5.1145
5.0330
5.1162
4.8639
4.7970
5.0562
5.1743
4.9868
4.9549
4.8439
4.9217
5.2405
5.0460
4.8864
4.8887
4.9701
5.0722
5.2242
4.8564
4.8425
5.0153
5.0764
5.1295
5.0272
4.7825
4.9349
5.1983
5.0460
5.0545
4.8647
4.8713
5.1208
5.2193
4.9211
4.9439
4.9023
5.0207
5.2461
5.0345
4.8356
4.9470
5.0692
5.1009
5.1904
4.8283
4.8786
5.0982
5.1506
5.0688
5.0112
4.8024
5.0269
5.2514
5.0425
4.9850
4.9031
4.9555
5.1751
5.2254
4.8634
4.9528
4.9846
5.1068
5.2182
5.0192
4.8077
5.0330
5.1514
5.1098
5.1326
4.8344
4.9328
5.1823
5.1890
4.9991
5.0076
4.8553
5.1187
5.2711
5.0263
4.9241
4.9771
5.0382
5.2110
5.1971
4.8293
4.9812
5.0833
5.1647
5.1670
5.0074
4.8129
5.1317
5.2094
5.0984
5.0665
4.8790
4.9970
5.2562
5.1893
4.9370
5.0202
4.9386
5.1926
5.2611
5.0035
4.8872
5.0763
5.1098
5.2225
5.1464
4.8293
5.0254
5.1867
5.1860
5.1063
5.0058
4.8555
5.2250
5.2406
5.0694
5.0099
4.9585
5.0624
5.3088
5.1580
4.8962
5.0502
5.0434
5.2349
5.2299
4.9820
4.8852
5.1850
5.1639
5.2072
5.0903
4.8667
5.0799
5.2804
5.1707
5.0501
5.0200
4.9322
5.2959
5.2473
5.0293
4.9785
5.0620
5.1212
5.3317
5.1088
4.8860
5.0965
5.1556
5.2391
5.1884
4.9704
4.9218
5.2855
5.1976
5.1675
5.0469
4.9372
5.1378
5.3510
5.1273
5.0104
5.0537
5.0326
5.3324
5.2356
4.9877
4.9827
5.1742
5.1673
5.3213
5.0595
4.9087
5.1551
5.2590
5.2076
5.1481
4.9769
4.9924
5.3619
5.2116
5.1111
5.0313
5.0307
5.1919
5.3880
5.0708
4.9947
5.1074
5.1409
5.3300
5.2136
4.9560
5.0245
5.2785
5.1969
5.2801
5.0277
4.9608
5.2200
5.3380
5.1504
5.1185
5.0075
5.0852
5.4039
5.2094
5.0497
5.0520
5.1334
5.2354
5.3874
5.0195
5.0055
5.1783
5.2394
5.2924
5.1901
4.9453
5.0976
5.3610
5.2087
5.2171
5.0272
5.0338
5.2833
5.3817
5.0835
5.1062
5.0645
5.1830
5.4082
5.1966
4.9976
5.1090
5.2311
5.2628
5.3523
4.9902
5.0404
5.2600
5.3123
5.2304
5.1728
4.9639
5.1884
5.4128
5.2039
5.1463
5.0644
5.1168
5.3363
5.3866
5.0245
5.1139
5.1456
5.2677
5.3791
5.1801
4.9685
5.1937
5.3122
5.2705
5.2932
4.9949
5.0934
5.3428
5.3494
5.1595
5.1679
5.0156
5.2789
5.4313
5.1865
5.0842
5.1372
5.1982
5.3710
5.3570
4.9891
5.1410
5.2431
5.3244
5.3267
5.1670
4.9725
5.2912
5.3689
5.2578
5.2259
5.0383
5.1563
5.4154
5.3485
5.0961
5.1793
5.0976
5.3516
5.4201
5.1624
5.0460
5.2351
5.2686
5.3812
5.3051
4.9879
5.1840
5.3452
5.3445
5.2647
5.1642
5.0138
5.3833
5.3988
5.2275
5.1680
5.1166
5.2204
5.4668
5.3160
5.0541
5.2081
5.2012
5.3926
5.3876
5.1397
5.0428
5.3426
5.3214
5.3646
5.2478
5.0240
5.2372
5.4377
5.3279
5.2073
5.1772
5.0893
5.4530
5.4043
5.1862
5.1355
5.2189
5.2780
5.4885
5.2656
5.0426
5.2531
5.3122
5.3957
5.3449
5.1268
5.0782
5.4418
5.3539
5.3238
5.2031
5.0933
5.2939
5.5070
5.2833
5.1664
5.2096
5.1884
5.4883
5.3914
5.1434
5.1384
5.3298
5.3229
5.4768
5.2150
5.0641
5.3105
5.4143
5.3629
5.3034
5.1321
5.1476
5.5170
5.3667
5.2661
5.1863
5.1856
5.3468
5.5429
5.2256
5.1495
5.2621
5.2955
5.4846
5.3682
5.1105
5.1790
5.4329
5.3513
5.4344
5.1820
5.1150
5.3742
5.4921
5.3045
5.2726
5.1615
5.2391
5.5578
5.3633
5.2036
5.2058
5.2871
5.3891
5.5410
5.1731
5.1591
5.3318
5.3928
5.4458
5.3435
5.0986
5.2509
5.5143
5.3619
5.3703
5.1803
5.1869
5.4363
5.5347
5.2364
5.2590
5.2173
5.3357
5.5610
5.3493
5.1503
5.2616
5.3837
5.4153
5.5047
5.1426
5.1928
5.4123
5.4646
5.3826
5.3250
5.1160
5.3405
5.5649
5.3559
5.2983
5.2164
5.2686
5.4882
5.5383
5.1762
5.2656
5.2972
5.4193
5.5306
5.3316
5.1199
5.3451
5.4635
5.4218
5.4445
5.1462
5.2445
5.4939
5.5005
5.3106
5.3189
5.1665
5.4299
5.5822
5.3373
5.2350
5.2879
5.3489
5.5216
5.5076
5.1397
5.2915
5.3935
5.4748
5.4770
5.3173
5.1227
5.4414
5.5191
5.4079
5.3760
5.1884
5.3063
5.5654
5.4984
5.2460
5.3291
5.2474
5.5013
5.5698
5.3121
5.1956
5.3847
5.4181
5.5307
5.4545
5.1373
5.3333
5.4945
5.4937
5.4139
5.3133
5.1629
5.5323
5.5478
5.3765
5.3170
5.2655
5.3693
5.6156
5.4647
5.2029
5.3567
5.3498
5.5412
5.5361
5.2882
5.1912
5.4910
5.4698
5.5129
5.3960
5.1723
5.3854
5.5859
5.4760
5.3554
5.3252
5.2372
5.6009
5.5521
5.3340
5.2832
5.3666
5.4257
5.6361
5.4132
5.1902
5.4006
5.4597
5.5431
5.4923
5.2742
5.2254
5.5891
5.5011
5.4709
5.3503
5.2404
5.4409
5.6540
5.4302
5.3133
5.3565
5.3352
5.6350
5.5381
5.2901
5.2850
5.4764
5.4694
5.6233
5.3614
5.2105
5.4569
5.5606
5.5091
5.4496
5.2783
5.2938
5.6631
5.5127
5.4121
5.3323
5.3315
5.4927
5.6887
5.3714
5.2952
5.4078
5.4412
5.6302
5.5138
5.2561
5.3245
5.5784
5.4967
5.5798
5.3273
5.2603
5.5194
5.6373
5.4497
5.4177
5.3065
5.3841
5.7028
5.5082
5.3485
5.3506
5.4319
5.5339
5.6857
5.3177
5.3037
5.4764
5.5374
5.5903
5.4879
5.2430
5.3953
5.6586
5.5061
5.5145
5.3245
5.3310
5.5804
5.6787
5.3804
5.4030
5.3613
5.4796
5.7048
5.4931
5.2940
5.4053
5.5273
5.5590
5.6483
5.2861
5.3362
5.5558
5.6080
5.5260
5.4683
5.2593
5.4837
5.7081
5.4991
5.4414
5.3594
5.4116
5.6311
5.6813
5.3191
5.4084
5.4400
5.5621
5.6733
5.4743
5.2626
5.4877
5.6061
5.5643
5.5869
5.2886
5.3869
5.6363
5.6428
5.4528
5.4611
5.3087
5.5720
5.7243
5.4793
5.3770
5.4298
5.4908
5.6635
5.6494
5.2814
5.4333
5.5352
5.6165
5.6186
5.4589
5.2643
5.5829
5.6605
5.5493
5.5173
5.3297
5.4475
5.7066
5.6396
5.3871
5.4702
5.3885
5.6423
5.7107
5.4530
5.3365
5.5255
5.5589
5.6714
5.5952
5.2780
5.4740
5.6351
5.6343
5.5544
5.4538
5.3034
5.6727
5.6881
5.5168
5.4572
5.4057
5.5094
5.7557
5.6048
5.3429
5.4967
5.4898
5.6811
5.6760
5.4280
5.3310
5.6307
5.6095
5.6526
5.5357
5.3118
5.5249
5.7254
5.6155
5.4948
5.4646
5.3766
5.7402
5.6914
5.4732
5.4224
5.5057
5.5648
5.7752
5.5522
5.3291
5.5395
5.5986
5.6819
5.6311
5.4129
5.3641
5.7277
5.6397
5.6095
5.4888
5.3789
5.5793
5.7924
5.5686
5.4516
5.4947
5.4735
5.7732
5.6762
5.4282
5.4231
5.6144
5.6074
5.7613
5.4993
5.3484
5.5947
5.6984
5.6469
5.5873
5.4160
5.4314
5.8007
5.6503
5.5496
5.4697
5.4689
5.6300
5.8260
5.5087
5.4325
5.5450
5.5784
5.7674
5.6509
5.3931
5.4615
5.7153
5.6336
5.7167
5.4642
5.3971
5.6562
5.7740
5.5863
5.5543
5.4431
5.5207
5.8393
5.6447
5.4849
5.4870
5.5682
5.6702
5.8220
5.4540
5.4399
5.6125
5.6735
5.7263
5.6239
5.3790
5.5312
5.7945
5.6420
5.6503
5.4603
5.4668
5.7161
5.8144
5.5160
5.5386
5.4968
5.6151
5.8403
5.6285
5.4294
5.5406
5.6626
5.6942
5.7835
5.4213
5.4714
5.6908
5.7430
5.6610
5.6033
5.3942
5.6186
5.8429
5.6339
5.5762
5.4941
5.5463
5.7658
5.8159
5.4536
5.5429
5.5745
5.6965
5.8077
5.6086
5.3969
5.6220
5.7403
5.6985
5.7211
5.4227
5.5210
5.7703
5.7768
5.5868
5.5951
5.4426
5.7058
5.8581
5.6131
5.5107
5.5635
5.6244
5.7971
5.7830
5.4150
5.5667
5.6687
5.7499
5.7520
5.5922
5.3975
5.7161
5.7937
5.6825
5.6505
5.4628
5.5806
5.8396
5.7726
5.5200
5.6031
5.5213
5.7751
5.8435
5.5857
5.4692
5.6582
5.6915
5.8040
5.7278
5.4104
5.6064
5.7675
5.7667
5.6867
5.5861
5.4356
5.8049
5.8203
5.6489
5.5893
5.5378
5.6415
5.8877
5.7368
5.4748
5.6286
5.6216
5.8129
5.8077
5.5597
5.4627
5.7624
5.7411
5.7842
5.6671
5.4433
5.6563
5.8567
5.7468
5.6261
5.5958
5.5078
5.8713
5.8225
5.6043
5.5535
5.6368
5.6958
5.9061
5.6831
5.4600
5.6703
5.7293
5.8127
5.7618
5.5436
5.4948
5.8583
5.7703
5.7400
5.6193
5.5093
5.7097
5.9228
5.6989
5.5819
5.6250
5.6037
5.9034
5.8064
5.5583
5.5531
5.7444
5.7374
5.8912
5.6292
5.4783
5.7245
5.8282
5.7766
5.7170
5.5456
5.5610
5.9303
5.7798
5.6791
5.5992
5.5984
5.7594
5.9554
5.6380
5.5618
5.6742
5.7076
5.8965
5.7800
5.5222
5.5905
5.8443
5.7626
5.8456
5.5930
5.5259
5.7850
5.9028
5.7151
5.6830
5.5718
5.6493
5.9679
5.7732
5.6134
5.6155
5.6967
5.7986
5.9503
5.5823
5.5681
5.7408
5.8017
5.8545
5.7520
5.5070
5.6593
5.9225
5.7699
5.7782
5.5882
5.5946
5.8439
5.9422
5.6437
5.6663
5.6245
5.7427
5.9678
5.7560
5.5569
5.6681
5.7901
5.8216
5.9109
5.5486
5.5986
5.8181
5.8702
5.7882
5.7304
5.5213
5.7456
5.9699
5.7608
5.7031
5.6210
5.6732
5.8926
5.9427
5.5804
5.6696
5.7012
5.8232
5.9343
5.7352
5.5234
5.7485
5.8667
5.8249
5.8475
5.5490
5.6473
5.8966
5.9030
5.7129
5.7212
5.5686
5.8319
5.9841
5.7391
5.6366
5.6894
5.7503
5.9229
5.9088
5.5407
5.6924
5.7943
5.8755
5.8776
5.7178
5.5231
5.8416
5.9191
5.8079
5.7758
5.5881
5.7059
5.9649
5.8978
5.6452
5.7282
5.6464
5.9002
5.9685
5.7107
5.5942
5.7831
5.8164
5.9289
5.8526
5.5352
5.7311
5.8922
5.8913
5.8113
5.7107
5.5601
5.9294
5.9448
5.7734
5.7137
5.6621
5.7658
6.0120
5.8610
5.5990
5.7528
5.7457
5.9370
5.9318
5.6837
5.5867
5.8863
5.8650
5.9080
5.7910
5.5671
5.7801
5.9805
5.8705
5.7497
5.7194
5.6314
5.9949
5.9460
5.7278
5.6769
5.7602
5.8191
6.0294
5.8063
5.5832
5.7936
5.8525
5.9358
5.8849
5.6666
5.6178
5.9813
5.8932
5.8629
5.7421
5.6322
5.8325
6.0455
5.8217
5.7046
5.7476
5.7263
6.0260
5.9289
5.6808
5.6756
5.8669
5.8598
6.0136
5.7515
5.6006
5.8468
5.9504
5.8988
5.8391
5.6677
5.6831
6.0523
5.9018
5.8011
5.7211
5.7203
5.8813
6.0772
5.7598
5.6835
5.7959
5.8292
6.0181
5.9016
5.6437
5.7121
5.9658
5.8840
5.9670
5.7144
5.6473
5.9063
6.0240
5.8363
5.8042
5.6929
5.7704
6.0890
5.8942
5.7344
5.7364
5.8176
5.9195
6.0712
5.7031
5.6889
5.8615
5.9224
5.9752
5.8727
5.6277
5.7798
6.0430
5.8905
5.8987
5.7086
5.7150
5.9643
6.0625
5.7640
5.7865
5.7447
5.8629
6.0880
5.8761
5.6770
5.7881
5.9101
5.9415
6.0308
5.6685
5.7185
5.9379
5.9900
5.9079
5.8501
5.6410
5.8653
6.0895
5.8804
5.8226
5.7405
5.7926
6.0120
6.0620
5.6997
5.7890
5.8204
5.9424
6.0535
5.8543
5.6425
5.8676
5.9858
5.9439
5.9664
5.6680
5.7662
6.0154
6.0218
5.8317
5.8400
5.6874
5.9506
6.1027
5.8577
5.7552
5.8080
5.8688
6.0414
6.0272
5.6591
5.8108
5.9127
5.9938
5.9959
5.8360
5.6413
5.9598
6.0373
5.9260
5.8939
5.7061
5.8239
6.0829
6.0157
5.7631
5.8461
5.7642
6.0180
6.0863
5.8284
5.7118
5.9008
5.9340
6.0464
5.9701
5.6527
5.8486
6.0096
6.0087
5.9287
5.8280
5.6774
6.0467
6.0620
5.8906
5.8309
5.7792
5.8829
6.1290
5.9780
5.7160
5.8697
5.8626
6.0539
6.0486
5.8005
5.7034
6.0030
5.9817
6.0247
5.9076
5.6837
5.8967
6.0970
5.9870
5.8662
5.8358
5.7478
6.1112
6.0623
5.8441
5.7931
5.8764
5.9353
6.1456
5.9224
5.6993
5.9096
5.9685
6.0518
6.0008
5.7825
5.7337
6.0971
6.0090
5.9787
5.8579
5.7479
5.9482
6.1612
5.9372
5.8201
5.8631
5.8418
6.1414
6.0443
5.7962
5.7909
5.9822
5.9751
6.1288
5.8667
5.7157
5.9619
6.0655
6.0139
5.9542
5.7827
5.7980
6.1673
6.0167
5.9160
5.8359
5.8350
5.9960
6.1919
5.8745
5.7982
5.9106
5.9438
6.1327
6.0161
5.7582
5.8265
6.0802
5.9984
6.0813
5.8287
5.7615
6.0205
6.1382
5.9505
5.9183
5.8070
5.8845
6.2030
6.0082
5.8484
5.8504
5.9315
6.0333
6.1850
5.8169
5.8027
5.9752
6.0361
6.0888
5.9863
5.7412
5.8934
6.1565
6.0039
6.0121
5.8220
5.8284
6.0776
6.1758
5.8773
5.8998
5.8579
5.9761
6.2011
5.9893
5.7900
5.9011
6.0231
6.0545
6.1437
5.7814
5.8314
6.0507
6.1028
6.0207
5.9629
5.7537
5.9779
6.2022
5.9930
5.9352
5.8530
5.9051
6.1245
6.1745
5.8121
5.9013
5.9327
6.0546
6.1657
5.9665
5.7546
5.9796
6.0978
6.0559
6.0783
5.7798
5.8780
6.1272
6.1335
5.9434
5.9515
5.7989
6.0620
6.2141
5.9690
5.8665
5.9192
5.9799
6.1525
6.1382
5.7700
5.9217
6.0235
6.1045
6.1065
5.9466
5.7517
6.0702
6.1476
6.0362
6.0040
5.8162
5.9339
6.1928
6.1255
5.8728
5.9557
5.8738
6.1275
6.1957
5.9377
5.8210
6.0099
6.0430
6.1553
6.0789
5.7614
5.9572
6.1181
6.1171
6.0370
5.9362
5.7856
6.1547
6.1699
5.9984
5.9386
5.8868
5.9903
6.2364
6.0853
5.8231
5.9767
5.9695
6.1607
6.1553
5.9071
5.8099
6.1094
6.0879
6.1308
6.0136
5.7895
6.0024
6.2026
6.0925
5.9715
5.9410
5.8528
6.2162
6.1671
5.9488
5.8977
5.9808
6.0396
6.2497
6.0264
5.8032
6.0133
6.0721
6.1552
6.1041
5.8857
5.8366
6.2000
6.1117
6.0812
5.9602
5.8501
6.0503
6.2631
6.0390
5.9218
5.9646
5.9431
6.2425
6.1453
5.8970
5.8916
6.0827
6.0754
6.2290
5.9668
5.8156
6.0616
6.1650
6.1132
6.0533
5.8817
5.8968
6.2659
6.1152
6.0142
5.9341
5.9330
6.0938
6.2895
5.9719
5.8954
6.0076
6.0406
6.2294
6.1125
5.8545
5.9226
6.1761
6.0941
6.1769
5.9241
5.8567
6.1155
6.2330
6.0450
6.0127
5.9012
5.9784
6.2968
6.1018
5.9417
5.9435
6.0244
6.1261
6.2775
5.9092
5.8948
6.0672
6.1278
6.1803
6.0776
5.8323
5.9842
6.2472
6.0943
6.1023
5.9120
5.9181
6.1671
6.2651
5.9664
5.9886
5.9465
6.0645
6.2893
6.0772
5.8778
5.9886
6.1103
6.1416
6.2305
5.8679
5.9177
6.1368
6.1887
6.1063
6.0482
5.8388
6.0628
6.2868
6.0774
6.0193
5.9370
5.9888
6.2079
6.2577
5.8950
5.9840
6.0152
6.1369
6.2477
6.0482
5.8361
6.0609
6.1788
6.1367
6.1589
5.8601
5.9580
6.2070
6.2131
6.0227
6.0306
5.8777
6.1406
6.2925
6.0472
5.9444
5.9968
6.0574
6.2296
6.2152
5.8467
5.9981
6.0997
6.1805
6.1822
6.0221
5.8270
6.1452
6.2224
6.1108
6.0784
5.8903
6.0077
6.2664
6.1989
5.9460
6.0286
5.9465
6.1999
6.2678
6.0097
5.8927
6.0813
6.1142
6.2263
6.1497
5.8319
6.0275
6.1882
6.1869
6.1066
6.0055
5.8546
6.2235
6.2385
6.0667
6.0067
5.9547
6.0580
6.3038
6.1525
5.8901
6.0434
6.0360
6.2269
6.2213
5.9728
5.8754
6.1747
6.1530
6.1956
6.0782
5.8539
6.0665
6.2665
6.1561
6.0349
6.0042
5.9158
6.2789
6.2296
6.0110
5.9597
6.0425
6.1011
6.3110
6.0875
5.8640
6.0739
6.1324
6.2153
6.1639
5.9453
5.8961
6.2591
6.1707
6.1399
6.0187
5.9084
6.1083
6.3209
6.0966
5.9791
6.0217
5.9999
6.2992
6.2017
5.9532
5.9475
6.1384
6.1309
6.2842
6.0217
5.8703
6.1161
6.2193
6.1673
6.1071
5.9353
5.9502
6.3190
6.1680
6.0669
5.9865
5.9852
6.1457
6.3412
6.0234
5.9466
6.0586
6.0914
6.2799
6.1629
5.9046
5.9725
6.2258
6.1435
6.2260
5.9730
5.9054
6.1639
6.2812
6.0930
6.0605
5.9488
6.0258
6.3439
6.1487
5.9883
5.9899
6.0706
6.1720
6.3233
5.9547
5.9401
6.1122
6.1726
6.2249
6.1219
5.8764
6.0281
6.2908
6.1378
6.1455
5.9549
5.9609
6.2096
6.3074
6.0084
6.0304
5.9881
6.1058
6.3304
6.1181
5.9184
6.0291
6.1505
6.1815
6.2703
5.9075
5.9570
6.1759
6.2275
6.1449
6.0866
5.8770
6.1008
6.3245
6.1149
6.0566
5.9740
6.0256
6.2445
6.2940
5.9312
6.0199
6.0509
6.1723
6.2829
6.0832
5.8709
6.0954
6.2131
6.1708
6.1927
5.8937
5.9914
6.2402
6.2460
6.0554
6.0631
5.9100
6.1727
6.3243
6.0787
5.9757
6.0280
6.0883
6.2603
6.2456
5.8770
6.0281
6.1295
6.2101
6.2116
6.0512
5.8559
6.1739
6.2508
6.1390
6.1063
5.9180
6.0352
6.2937
6.2260
5.9728
6.0552
5.9729
6.2261
6.2938
6.0354
5.9183
6.1066
6.1393
6.2512
6.1743
5.8563
6.0517
6.2121
6.2107
6.1301
6.0288
5.8777
6.2464
6.2611
6.0891
6.0288
5.9766
6.0797
6.3253
6.1737
5.9111
6.0643
6.0566
6.2473
6.2414
5.9928
5.8951
6.1941
6.1722
6.2146
6.0970
5.8725
6.0849
6.2846
6.1740
6.0526
6.0217
5.9330
6.2959
6.2464
6.0276
5.9760
6.0587
6.1170
6.3267
6.1030
5.8793
6.0889
6.1473
6.2299
6.1784
5.9595
5.9100
6.2729
6.1842
6.1533
6.0319
5.9213
6.1210
6.3334
6.1089
5.9912
6.0336
6.0117
6.3107
6.2130
5.9643
5.9584
6.1491
6.1414
6.2945
6.0319
5.8803
6.1259
6.2289
6.1767
6.1164
5.9443
5.9590
6.3277
6.1765
6.0752
5.9946
5.9931
6.1535
6.3488
6.0308
5.9539
6.0657
6.0984
6.2867
6.1695
5.9110
5.9787
6.2319
6.1494
6.2318
5.9786
5.9108
6.1692
6.2864
6.0980
6.0653
5.9534
6.0303
6.3482
6.1529
5.9924
5.9938
6.0744
6.1756
6.3267
5.9580
5.9432
6.1152
6.1754
6.2276
6.1245
5.8789
6.0304
6.2930
6.1398
6.1474
5.9567
5.9625
6.2112
6.3088
6.0097
6.0316
5.9891
6.1067
6.3312
6.1188
5.9190
6.0295
6.1508
6.1817
6.2703
5.9074
5.9568
6.1756
6.2271
6.1444
6.0860
5.8763
6.0999
6.3236
6.1139
6.0555
5.9728
6.0243
6.2430
6.2924
5.9295
6.0181
6.0490
6.1704
6.2809
6.0811
5.8687
6.0931
6.2107
6.1683
6.1902
5.8911
5.9887
6.2373
6.2431
6.0524
6.0600
5.9069
6.1694
6.3210
6.0754
5.9723
6.0244
6.0847
6.2567
6.2419
5.8732
6.0243
6.1255
6.2061
6.2075
6.0470
5.8517
6.1696
6.2465
6.1346
6.1019
5.9135
6.0307
6.2890
6.2213
5.9681
6.0504
5.9680
6.2212
6.2889
6.0304
5.9132
6.1015
6.1342
6.2460
6.1691
5.8511
6.0464
6.2068
6.2053
6.1247
6.0234
5.8722
6.2409
6.2556
6.0835
6.0232
5.9710
6.0741
6.3196
6.1680
5.9054
6.0585
6.0508
6.2415
6.2356
5.9869
5.8892
6.1883
6.1663
6.2087
6.0911
5.8665
6.0789
6.2786
6.1681
6.0467
6.0157
5.9270
6.2899
6.2404
6.0216
5.9700
6.0527
6.1110
6.3207
6.0970
5.8733
6.0829
6.1413
6.2239
6.1724
5.9535
5.9041
6.2669
6.1782
6.1473
6.0259
5.9153
6.1150
6.3274
6.1029
5.9852
6.0276
6.0057
6.3047
6.2070
5.9583
5.9525
6.1431
6.1355
6.2886
6.0259
5.8743
6.1199
6.2229
6.1707
6.1104
5.9384
5.9531
6.3218
6.1706
6.0693
5.9887
5.9872
6.1476
6.3429
6.0249
5.9480
6.0598
6.0924
6.2808
6.1636
5.9051
5.9728
6.2260
6.1435
6.2259
5.9727
5.9049
6.1633
6.2805
6.0921
6.0594
5.9475
6.0244
6.3423
6.1470
5.9865
5.9879
6.0685
6.1697
6.3208
5.9521
5.9373
6.1093
6.1696
6.2217
6.1187
5.8730
6.0246
6.2872
6.1340
6.1416
5.9509
5.9567
6.2053
6.3029
6.0039
6.0258
5.9833
6.1009
6.3254
6.1129
5.9131
6.0237
6.1450
6.1759
6.2645
5.9016
5.9510
6.1698
6.2213
6.1386
6.0802
5.8705
6.0941
6.3178
6.1080
6.0496
5.9669
6.0184
6.2372
6.2866
5.9237
6.0123
6.0432
6.1646
6.2751
6.0753
5.8629
6.0873
6.2049
6.1625
6.1844
5.8853
5.9829
6.2316
6.2373
6.0466
6.0543
5.9011
6.1637
6.3152
6.0696
5.9665
6.0187
6.0789
6.2509
6.2361
5.8674
6.0185
6.1198
6.2003
6.2017
6.0413
5.8459
6.1639
6.2407
6.1289
6.0961
5.9078
6.0249
6.2833
6.2156
5.9623
6.0447
5.9623
6.2154
6.2831
6.0247
5.9075
6.0958
6.1285
6.2403
6.1634
5.8454
6.0407
6.2011
6.1996
6.1190
6.0177
5.8665
6.2352
6.2499
6.0778
6.0175
5.9653
6.0684
6.3139
6.1623
5.8997
6.0528
6.0451
6.2358
6.2299
5.9812
5.8836
6.1826
6.1606
6.2031
6.0854
5.8609
6.0732
6.2730
6.1624
6.0410
6.0101
5.9214
6.2842
6.2348
6.0159
5.9644
6.0470
6.1054
6.3150
6.0913
5.8676
6.0773
6.1356
6.2183
6.1667
5.9479
5.8984
6.2613
6.1726
6.1417
6.0203
5.9097
6.1094
6.3218
6.0973
5.9796
6.0220
6.0001
6.2991
6.2014
5.9527
5.9469
6.1375
6.1298
6.2830
6.0203
5.8687
6.1143
6.2174
6.1651
6.1048
5.9328
5.9475
6.3162
6.1650
6.0637
5.9831
5.9816
6.1420
6.3373
6.0193
5.9424
6.0542
6.0869
6.2752
6.1580
5.8995
5.9672
6.2204
6.1380
6.2203
5.9671
5.8994
6.1578
6.2749
6.0865
6.0538
5.9420
6.0188
6.3368
6.1414
5.9810
5.9824
6.0629
6.1642
6.3153
5.9466
5.9318
6.1038
6.1640
6.2162
6.1131
5.8675
6.0190
6.2816
6.1284
6.1361
5.9454
5.9512
6.1998
6.2974
5.9983
6.0202
5.9778
6.0954
6.3199
6.1074
5.9076
6.0182
6.1395
6.1704
6.2590
5.8961
5.9455
6.1643
6.2158
6.1331
6.0747
5.8650
6.0886
6.3123
6.1026
6.0442
5.9615
6.0130
6.2318
6.2812
5.9182
6.0069
6.0378
6.1591
6.2696
6.0698
5.8574
6.0819
6.1995
6.1570
6.1789
5.8798
5.9775
6.2261
6.2319
6.0412
6.0488
5.8956
6.1582
6.3098
6.0641
5.9611
6.0132
6.0735
6.2455
6.2307
5.8620
6.0131
6.1143
6.1949
6.1963
6.0359
5.8405
6.1584
6.2353
6.1234
6.0907
5.9024
6.0195
6.2779
6.2102
5.9569
6.0393
5.9569
6.2100
6.2777
6.0193
5.9021
6.0904
6.1231
6.2349
6.1580
5.8400
6.0353
6.1957
6.1942
6.1136
6.0123
5.8611
6.2298
6.2445
6.0725
6.0122
5.9600
6.0630
6.3086
6.1570
5.8943
6.0475
6.0398
6.2304
6.2246
5.9759
5.8782
6.1772
6.1553
6.1977
6.0800
5.8555
6.0679
6.2676
6.1571
6.0357
6.0047
5.9160
6.2789
6.2294
6.0106
5.9591
6.0417
6.1000
6.3097
6.0860
5.8623
6.0720
6.1303
6.2130
6.1614
5.9426
5.8931
6.2560
6.1673
6.1364
6.0150
5.9044
6.1041
6.3165
6.0920
5.9743
6.0167
5.9948
6.2938
6.1961
5.9474
5.9416
6.1322
6.1246
6.2777
6.0151
5.8634
6.1090
6.2121
6.1599
6.0996
5.9275
5.9423
6.3109
6.1598
6.0584
5.9778
5.9764
6.1368
6.3321
6.0141
5.9371
6.0490
6.0816
6.2699
6.1527
5.8943
5.9620
6.2152
6.1327
6.2151
5.9619
5.8941
6.1525
6.2697
6.0813
6.0486
5.9367
6.0136
6.3315
6.1362
5.9757
5.9772
6.0577
6.1590
6.3101
5.9414
5.9266
6.0986
6.1588
6.2110
6.1079
5.8623
6.0138
6.2764
6.1232
6.1309
5.9402
5.9460
6.1946
6.2922
5.9932
6.0151
5.9726
6.0902
6.3147
6.1022
5.9025
6.0130
6.1343
6.1652
6.2538
5.8909
5.9403
6.1591
6.2106
6.1279
6.0695
5.8598
6.0835
6.3071
6.0974
6.0390
5.9563
6.0078
6.2266
6.2760
5.9131
6.0017
6.0326
6.1540
6.2645
6.0647
5.8523
6.0767
6.1944
6.1519
6.1738
5.8747
5.9723
6.2210
6.2268
6.0361
6.0437
5.8905
6.1531
6.3047
6.0590
5.9559
6.0081
6.0684
6.2403
6.2256
5.8569
6.0080
6.1092
6.1898
6.1912
6.0308
5.8354
6.1533
6.2302
6.1183
6.0856
5.8973
6.0144
6.2728
6.2051
5.9519
6.0342
5.9518
6.2050
6.2727
6.0142
5.8970
6.0853
6.1180
6.2298
6.1529
5.8349
6.0302
6.1906
6.1891
6.1085
6.0072
5.8561
6.2247
6.2395
6.0674
6.0071
5.9549
6.0579
6.3035
6.1519
5.8893
6.0424
6.0347
6.2254
6.2196
5.9709
5.8732
6.1722
6.1503
6.1927
6.0750
5.8505
6.0629
6.2626
6.1520
6.0306
5.9997
5.9110
6.2739
6.2244
6.0056
5.9540
6.0367
6.0950
6.3047
6.0810
5.8573
6.0670
6.1253
6.2080
6.1564
5.9376
5.8881
6.2510
6.1623
6.1314
6.0100
5.8994
6.0991
6.3115
6.0870
5.9693
6.0117
5.9898
6.2888
6.1912
5.9425
5.9366
6.1273
6.1196
6.2727
6.0101
5.8585
6.1041
6.2071
6.1549
6.0946
5.9226
5.9373
6.3059
6.1548
6.0535
5.9729
5.9714
6.1318
6.3271
6.0091
5.9322
6.0440
6.0767
6.2650
6.1478
5.8894
5.9571
6.2102
6.1278
6.2102
5.9570
5.8892
6.1476
6.2648
6.0764
6.0437
5.9318
6.0087
6.3266
6.1313
5.9708
5.9723
6.0528
6.1541
6.3052
5.9365
5.9217
6.0937
6.1539
6.2061
6.1030
5.8574
6.0089
6.2715
6.1183
6.1260
5.9353
5.9411
6.1897
6.2873
5.9883
6.0102
5.9677
6.0853
6.3098
6.0974
5.8976
6.0081
6.1295
6.1603
6.2490
5.8861
5.9355
6.1543
6.2058
6.1231
6.0647
5.8549
6.0786
6.3023
6.0925
6.0342
5.9515
6.0030
6.2217
6.2712
5.9082
5.9969
6.0278
6.1491
6.2596
6.0599
5.8474
6.0719
6.1895
6.1471
6.1690
5.8699
5.9675
6.2162
6.2219
6.0312
6.0389
5.8857
6.1483
6.2998
6.0542
5.9511
6.0033
6.0635
6.2355
6.2208
5.8521
6.0032
6.1044
6.1850
6.1864
6.0260
5.8306
6.1485
6.2254
6.1135
6.0808
5.8925
6.0096
6.2680
6.2003
5.9471
6.0294
5.9470
6.2002
6.2679
6.0094
5.8923
6.0806
6.1132
6.2250
6.1481
5.8301
6.0254
6.1858
6.1844
6.1038
6.0025
5.8513
6.2200
6.2347
6.0627
6.0024
5.9501
6.0532
6.2988
6.1472
5.8845
6.0377
6.0300
6.2206
6.2148
5.9661
5.8684
6.1675
6.1455
6.1879
6.0703
5.8458
6.0581
6.2579
6.1473
6.0259
5.9950
5.9063
6.2692
6.2197
6.0009
5.9493
6.0320
6.0903
6.3000
6.0763
5.8526
6.0623
6.1206
6.2033
6.1517
5.9329
5.8834
6.2463
6.1576
6.1267
6.0053
5.8947
6.0944
6.3068
6.0823
5.9646
6.0071
5.9851
6.2841
6.1865
5.9378
5.9319
6.1226
6.1149
6.2681
6.0054
5.8538
6.0994
6.2024
6.1502
6.0899
5.9179
5.9326
6.3013
6.1501
6.0488
5.9682
5.9667
6.1271
6.3224
6.0045
5.9275
6.0394
6.0720
6.2603
6.1431
5.8847
5.9524
6.2056
6.1232
6.2055
5.9523
5.8846
6.1430
6.2601
6.0718
6.0390
5.9272
6.0041
6.3220
6.1266
5.9662
5.9676
6.0482
6.1495
6.3005
5.9319
5.9171
6.0891
6.1493
6.2015
6.0984
5.8528
6.0043
6.2669
6.1137
6.1214
5.9307
5.9365
6.1851
6.2827
5.9837
6.0056
5.9631
6.0807
6.3052
6.0928
5.8930
6.0035
6.1249
6.1558
6.2444
5.8815
5.9309
6.1497
6.2012
6.1185
6.0601
5.8504
6.0740
6.2977
6.0880
6.0296
5.9469
5.9984
6.2172
6.2666
5.9037
5.9923
6.0232
6.1446
6.2551
6.0553
5.8429
6.0673
6.1850
6.1425
6.1644
5.8653
5.9630
6.2116
6.2174
6.0267
6.0343
5.8811
6.1437
6.2953
6.0497
5.9466
5.9988
6.0590
6.2310
6.2162
5.8475
5.9986
6.0999
6.1804
6.1819
6.0214
5.8261
6.1440
6.2209
6.1090
6.0763
5.8880
6.0051
6.2635
6.1958
5.9426
6.0249
5.9425
6.1957
6.2634
6.0049
5.8877
6.0761
6.1087
6.2205
6.1436
5.8256
6.0209
6.1814
6.1799
6.0993
5.9980
5.8468
6.2155
6.2302
6.0582
5.9979
5.9457
6.0487
6.2943
6.1427
5.8801
6.0332
6.0255
6.2162
6.2103
5.9616
5.8640
6.1630
6.1411
6.1835
6.0658
5.8413
6.0537
6.2534
6.1428
6.0215
5.9905
5.9018
6.2647
6.2153
5.9964
5.9449
6.0275
6.0859
6.2956
6.0718
5.8481
6.0578
6.1162
6.1988
6.1473
5.9284
5.8790
6.2418
6.1532
6.1222
6.0008
5.8903
6.0900
6.3024
6.0779
5.9602
6.0026
5.9807
6.2797
6.1820
5.9334
5.9275
6.1182
6.1105
6.2636
6.0010
5.8494
6.0950
6.1980
6.1458
6.0855
5.9135
5.9282
6.2969
6.1457
6.0444
5.9638
5.9623
6.1228
6.3181
6.0001
5.9232
6.0350
6.0676
6.2560
6.1388
5.8803
5.9480
6.2012
6.1188
6.2011
5.9479
5.8802
6.1386
6.2557
6.0674
6.0347
5.9228
5.9997
6.3176
6.1223
5.9618
5.9633
6.0438
6.1451
6.2962
5.9275
5.9127
6.0847
6.1450
6.1971
6.0941
5.8484
6.0000
6.2626
6.1094
6.1170
5.9263
5.9321
6.1808
6.2784
5.9793
6.0012
5.9588
6.0764
6.3009
6.0884
5.8887
5.9992
6.1205
6.1514
6.2401
5.8771
5.9266
6.1454
6.1969
6.1142
6.0558
5.8461
6.0697
6.2934
6.0837
6.0253
5.9426
5.9941
6.2129
6.2623
5.8994
5.9880
6.0189
6.1403
6.2508
6.0510
5.8386
6.0630
6.1807
6.1382
6.1601
5.8610
5.9587
6.2073
6.2131
6.0224
6.0301
5.8769
6.1395
6.2910
6.0454
5.9423
5.9945
6.0547
6.2267
6.2119
5.8433
5.9944
6.0956
6.1762
6.1776
6.0172
5.8218
6.1398
6.2166
6.1048
6.0721
5.8837
6.0009
6.2593
6.1915
5.9383
6.0207
5.9383
6.1914
6.2591
6.0007
5.8835
6.0718
6.1045
6.2163
6.1394
5.8214
6.0167
6.1771
6.1756
6.0951
5.9937
5.8426
6.2112
6.2260
6.0540
5.9937
5.9414
6.0445
6.2901
6.1385
5.8758
6.0290
6.0213
6.2120
6.2061
5.9574
5.8598
6.1588
6.1369
6.1793
6.0616
5.8371
6.0495
6.2492
6.1386
6.0173
5.9863
5.8976
6.2605
6.2111
5.9922
5.9407
6.0233
6.0817
6.2914
6.0677
5.8440
6.0536
6.1120
6.1946
6.1431
5.9243
5.8748
6.2377
6.1490
6.1181
5.9967
5.8861
6.0858
6.2982
6.0737
5.9561
5.9985
5.9765
6.2756
6.1779
5.9292
5.9234
6.1140
6.1063
6.2595
5.9969
5.8452
6.0908
6.1939
6.1417
6.0814
5.9093
5.9241
6.2927
6.1416
6.0403
5.9597
5.9582
6.1186
6.3139
5.9959
5.9190
6.0308
6.0635
6.2518
6.1346
5.8762
5.9439
6.1971
6.1147
6.1970
5.9438
5.8761
6.1345
6.2516
6.0633
6.0306
5.9187
5.9956
6.3135
6.1182
5.9577
5.9592
6.0397
6.1410
6.2921
5.9234
5.9086
6.0806
6.1409
6.1930
6.0900
5.8443
5.9959
6.2585
6.1053
6.1129
5.9222
5.9280
6.1767
6.2743
5.9752
5.9972
5.9547
6.0723
6.2968
6.0844
5.8846
5.9951
6.1165
6.1474
6.2360
5.8731
5.9225
6.1413
6.1928
6.1101
6.0517
5.8420
6.0657
6.2893
6.0796
6.0212
5.9385
5.9900
6.2088
6.2582
5.8953
5.9840
6.0149
6.1362
6.2467
6.0470
5.8345
6.0590
6.1766
6.1342
6.1561
5.8570
5.9546
6.2033
6.2091
6.0184
6.0260
5.8728
6.1354
6.2870
6.0414
5.9383
5.9905
6.0507
6.2227
6.2079
5.8392
5.9903
6.0916
6.1722
6.1736
6.0132
5.8178
6.1358
6.2126
6.1008
6.0681
5.8797
5.9969
6.2552
6.1875
5.9343
6.0167
5.9343
6.1874
6.2551
5.9967
5.8795
6.0678
6.1005
6.2123
6.1354
5.8174
6.0127
6.1731
6.1717
6.0911
5.9898
5.8386
6.2073
6.2220
6.0500
5.9897
5.9375
6.0405
6.2861
6.1345
5.8719
6.0250
6.0173
6.2080
6.2022
5.9535
5.8558
6.1548
6.1329
6.1753
6.0576
5.8331
6.0455
6.2453
6.1347
6.0133
5.9824
5.8937
6.2566
6.2071
5.9883
5.9367
6.0194
6.0777
6.2874
6.0637
5.8400
6.0497
6.1080
6.1907
6.1392
5.9203
5.8709
6.2337
6.1451
6.1141
5.9927
5.8822
6.0819
6.2943
6.0698
5.9521
5.9946
5.9726
6.2716
6.1740
5.9253
5.9194
6.1101
6.1024
6.2556
5.9929
5.8413
6.0869
6.1900
6.1378
6.0775
5.9054
5.9202
6.2888
6.1377
6.0364
5.9558
5.9543
6.1147
6.3100
5.9920
5.9151
6.0270
6.0596
6.2479
6.1307
5.8723
5.9400
6.1932
6.1108
6.1931
5.9399
5.8722
6.1306
6.2478
6.0594
6.0267
5.9148
5.9917
6.3096
6.1143
5.9539
5.9553
6.0359
6.1371
6.2882
5.9195
5.9048
6.0768
6.1370
6.1892
6.0861
5.8405
5.9920
6.2546
6.1015
6.1091
5.9184
5.9242
6.1728
6.2705
5.9714
5.9933
5.9509
6.0685
6.2929
6.0805
5.8807
5.9913
6.1126
6.1435
6.2322
5.8692
5.9187
6.1375
6.1890
6.1063
6.0479
5.8382
6.0618
6.2855
6.0758
6.0174
5.9347
5.9862
6.2050
6.2544
5.8915
5.9802
6.0110
6.1324
6.2429
6.0432
5.8307
6.0552
6.1728
6.1304
6.1523
5.8532
5.9508
6.1995
6.2053
6.0146
6.0222
5.8690
6.1316
6.2832
6.0376
5.9345
5.9867
6.0469
6.2189
6.2041
5.8355
5.9866
6.0878
6.1684
6.1698
6.0094
5.8140
6.1320
6.2089
6.0970
6.0643
5.8759
5.9931
6.2515
6.1837
5.9305
6.0129
5.9305
6.1837
6.2514
5.9929
5.8758
6.0641
6.0967
6.2086
6.1316
5.8137
6.0090
6.1694
6.1679
6.0873
5.9860
5.8349
6.2035
6.2183
6.0462
5.9859
5.9337
6.0368
6.2824
6.1308
5.8681
6.0213
6.0136
6.2043
6.1984
5.9497
5.8521
6.1511
6.1292
6.1716
6.0539
5.8294
6.0418
6.2415
6.1310
6.0096
5.9787
5.8900
6.2529
6.2034
5.9846
5.9330
6.0157
6.0740
6.2837
6.0600
5.8363
6.0460
6.1043
6.1870
6.1355
5.9166
5.8672
6.2300
6.1414
6.1104
5.9890
5.8785
6.0782
6.2906
6.0661
5.9484
5.9909
5.9689
6.2680
6.1703
5.9216
5.9158
6.1064
6.0988
6.2519
5.9893
5.8377
6.0833
6.1863
6.1341
6.0738
5.9018
5.9165
6.2852
6.1340
6.0327
5.9521
5.9506
6.1111
6.3064
5.9884
5.9115
6.0233
6.0560
6.2443
6.1271
5.8687
5.9364
6.1895
6.1071
6.1895
5.9363
5.8686
6.1269
6.2441
6.0557
6.0230
5.9112
5.9881
6.3060
6.1107
5.9502
5.9517
6.0322
6.1335
6.2846
5.9159
5.9011
6.0731
6.1334
6.1856
6.0825
5.8368
5.9884
6.2510
6.0978
6.1055
5.9148
5.9206
6.1692
6.2669
5.9678
5.9897
5.9472
6.0649
6.2893
6.0769
5.8771
5.9877
6.1090
6.1399
6.2286
5.8656
5.9151
6.1339
6.1854
6.1027
6.0443
5.8346
6.0582
6.2819
6.0722
6.0138
5.9311
5.9826
6.2014
6.2508
5.8879
5.9766
6.0075
6.1288
6.2393
6.0396
5.8271
6.0516
6.1692
6.1268
6.1487
5.8496
5.9473
6.1959
6.2017
6.0110
6.0186
5.8655
6.1281
6.2796
6.0340
5.9309
5.9831
6.0434
6.2154
6.2006
5.8319
5.9830
6.0843
6.1648
6.1663
6.0058
5.8105
6.1284
6.2053
6.0934
6.0607
5.8724
5.9895
6.2479
6.1802
5.9270
6.0094
5.9270
6.1801
6.2478
5.9894
5.8722
6.0605
6.0932
6.2050
6.1281
5.8101
6.0054
6.1658
6.1644
6.0838
5.9825
5.8313
6.2000
6.2147
6.0427
5.9824
5.9302
6.0332
6.2788
6.1272
5.8646
6.0178
6.0101
6.2007
6.1949
5.9462
5.8485
6.1476
6.1256
6.1681
6.0504
5.8259
6.0383
6.2380
6.1275
6.0061
5.9751
5.8865
6.2494
6.1999
5.9811
5.9295
6.0122
6.0705
6.2802
6.0565
5.8328
6.0425
6.1008
6.1835
6.1320
5.9131
5.8637
6.2266
6.1379
6.1070
5.9856
5.8750
6.0747
6.2871
6.0626
5.9450
5.9874
5.9654
6.2645
6.1668
5.9181
5.9123
6.1029
6.0953
6.2484
5.9858
5.8342
6.0798
6.1828
6.1306
6.0703
5.8983
5.9130
6.2817
6.1306
6.0293
5.9487
5.9472
6.1076
6.3029
5.9849
5.9080
6.0198
6.0525
6.2408
6.1236
5.8652
5.9329
6.1861
6.1037
6.1861
5.9329
5.8651
6.1235
6.2407
6.0523
6.0196
5.9077
5.9846
6.3026
6.1072
5.9468
5.9482
6.0288
6.1301
6.2812
5.9125
5.8977
6.0697
6.1300
6.1821
6.0791
5.8334
5.9850
6.2476
6.0944
6.1020
5.9114
5.9172
6.1658
6.2634
5.9644
5.9863
5.9438
6.0615
6.2859
6.0735
5.8737
5.9843
6.1056
6.1365
6.2252
5.8622
5.9117
6.1305
6.1820
6.0993
6.0409
5.8312
6.0548
6.2785
6.0688
6.0104
5.9277
5.9792
6.1980
6.2475
5.8845
5.9732
6.0041
6.1254
6.2360
6.0362
5.8238
6.0482
6.1659
6.1234
6.1453
5.8462
5.9439
6.1925
6.1983
6.0076
6.0153
5.8621
6.1247
6.2763
6.0306
5.9276
5.9797
6.0400
6.2120
6.1972
5.8285
5.9796
6.0809
6.1615
6.1629
6.0025
5.8071
6.1251
6.2019
6.0901
6.0574
5.8690
5.9862
6.2446
6.1768
5.9237
6.0060
5.9236
6.1768
6.2445
5.9861
5.8689
6.0572
6.0899
6.2017
6.1248
5.8068
6.0021
6.1625
6.1610
6.0805
5.9791
5.8280
6.1967
6.2114
6.0394
5.9791
5.9269
6.0299
6.2755
6.1239
5.8613
6.0144
6.0068
6.1974
6.1916
5.9429
5.8452
6.1443
6.1223
6.1648
6.0471
5.8226
6.0350
6.2347
6.1242
6.0028
5.9718
5.8832
6.2461
6.1966
5.9778
5.9262
6.0089
6.0672
6.2769
6.0532
5.8295
6.0392
6.0976
6.1802
6.1287
5.9099
5.8604
6.2233
6.1346
6.1037
5.9823
5.8717
6.0715
6.2839
6.0593
5.9417
5.9841
5.9622
6.2612
6.1635
5.9149
5.9090
6.0997
6.0920
6.2452
5.9825
5.8309
6.0765
6.1796
6.1274
6.0671
5.8950
5.9098
6.2784
6.1273
6.0260
5.9454
5.9439
6.1043
6.2997
5.9817
5.9048
6.0166
6.0493
6.2376
6.1204
5.8620
5.9297
6.1828
6.1004
6.1828
5.9296
5.8619
6.1203
6.2374
6.0491
6.0164
5.9045
5.9814
6.2993
6.1040
5.9436
5.9450
6.0256
6.1268
6.2779
5.9092
5.8945
6.0665
6.1267
6.1789
6.0758
5.8302
5.9818
6.2444
6.0912
6.0988
5.9081
5.9139
6.1626
6.2602
5.9612
5.9831
5.9406
6.0582
6.2827
6.0703
5.8705
5.9811
6.1024
6.1333
6.2220
5.8590
5.9085
6.1273
6.1788
6.0961
6.0377
5.8280
6.0517
6.2753
6.0656
6.0072
5.9245
5.9760
6.1948
6.2443
5.8814
5.9700
6.0009
6.1222
6.2328
6.0330
5.8206
6.0451
6.1627
6.1202
6.1421
5.8431
5.9407
6.1894
6.1952
6.0045
6.0121
5.8589
6.1215
6.2731
6.0275
5.9244
5.9766
6.0368
6.2088
6.1941
5.8254
5.9765
6.0778
6.1583
6.1597
5.9993
5.8040
6.1219
6.1988
6.0869
6.0542
5.8659
5.9830
6.2414
6.1737
5.9205
6.0029
5.9205
6.1736
6.2413
5.9829
5.8657
6.0541
6.0867
6.1986
6.1216
5.8037
5.9990
6.1594
6.1579
6.0773
5.9760
5.8249
6.1935
6.2083
6.0363
5.9760
5.9238
6.0268
6.2724
6.1208
5.8582
6.0113
6.0036
6.1943
6.1885
5.9398
5.8421
6.1412
6.1192
6.1616
6.0440
5.8195
6.0319
6.2316
6.1211
5.9997
5.9687
5.8801
6.2430
6.1935
5.9747
5.9231
6.0058
6.0641
6.2738
6.0501
5.8264
6.0361
6.0945
6.1771
6.1256
5.9068
5.8573
6.2202
6.1315
6.1006
5.9792
5.8686
6.0684
6.2808
6.0563
5.9386
5.9810
5.9591
6.2581
6.1605
5.9118
5.9059
6.0966
6.0889
6.2421
5.9795
5.8278
6.0735
6.1765
6.1243
6.0640
5.8920
5.9067
6.2754
6.1242
6.0229
5.9423
5.9409
6.1013
6.2966
5.9786
5.9017
6.0135
6.0462
6.2345
6.1173
5.8589
5.9266
6.1798
6.0974
6.1798
5.9266
5.8588
6.1172
6.2344
6.0460
6.0133
5.9015
5.9783
6.2963
6.1010
5.9405
5.9420
6.0225
6.1238
6.2749
5.9062
5.8914
6.0634
6.1237
6.1759
6.0728
5.8272
5.9787
6.2413
6.0882
6.0958
5.9051
5.9109
6.1596
6.2572
5.9581
5.9800
5.9376
6.0552
6.2797
6.0673
5.8675
5.9780
6.0994
6.1303
6.2189
5.8560
5.9055
6.1242
6.1758
6.0931
6.0347
5.8250
6.0486
6.2723
6.0626
6.0042
5.9215
5.9730
6.1918
6.2413
5.8784
5.9670
5.9979
6.1192
6.2298
6.0300
5.8176
6.0421
6.1597
6.1172
6.1391
5.8401
5.9377
6.1864
6.1922
6.0015
6.0091
5.8559
6.1185
6.2701
6.0245
5.9214
5.9736
6.0339
6.2059
6.1911
5.8224
5.9735
6.0748
6.1553
6.1568
5.9963
5.8010
6.1189
6.1958
6.0840
6.0513
5.8629
5.9801
6.2385
6.1707
5.9175
5.9999
5.9175
6.1707
6.2384
5.9800
5.8628
6.0511
6.0838
6.1956
6.1187
5.8007
5.9960
6.1564
6.1550
6.0744
5.9731
5.8219
6.1906
6.2053
6.0333
5.9730
5.9208
6.0239
6.2695
6.1179
5.8552
6.0084
6.0007
6.1914
6.1855
5.9369
5.8392
6.1382
6.1163
6.1587
6.0411
5.8166
6.0289
6.2287
6.1181
5.9967
5.9658
5.8771
6.2400
6.1906
5.9717
5.9202
6.0029
6.0612
6.2709
6.0472
5.8235
6.0332
6.0915
6.1742
6.1227
5.9038
5.8544
6.2173
6.1286
6.0977
5.9763
5.8657
6.0655
6.2779
6.0534
5.9357
5.9781
5.9562
6.2552
6.1576
5.9089
5.9030
6.0937
6.0860
6.2392
5.9766
5.8250
6.0706
6.1736
6.1214
6.0611
5.8891
5.9038
6.2725
6.1213
6.0200
5.9395
5.9380
6.0984
6.2937
5.9757
5.8988
6.0107
6.0433
6.2316
6.1145
5.8560
5.9237
6.1769
6.0945
6.1769
5.9237
5.8560
6.1143
6.2315
6.0432
6.0105
5.8986
5.9755
6.2934
6.0981
5.9377
5.9391
6.0197
6.1209
6.2720
5.9034
5.8886
6.0606
6.1208
6.1730
6.0699
5.8243
5.9759
6.2385
6.0853
6.0930
5.9023
5.9081
6.1567
6.2544
5.9553
5.9772
5.9347
6.0524
6.2769
6.0644
5.8647
5.9752
6.0966
6.1275
6.2161
5.8532
5.9026
6.1214
6.1729
6.0902
6.0319
5.8221
6.0458
6.2695
6.0598
6.0014
5.9187
5.9702
6.1890
6.2384
5.8755
5.9642
5.9951
6.1164
6.2270
6.0272
5.8148
6.0392
6.1569
6.1144
6.1363
5.8373
5.9349
6.1836
6.1894
5.9987
6.0063
5.8531
6.1157
6.2673
6.0217
5.9186
5.9708
6.0310
6.2030
6.1883
5.8196
5.9707
6.0720
6.1525
6.1540
5.9935
5.7982
6.1161
6.1930
6.0812
6.0485
5.8601
5.9773
6.2357
6.1679
5.9147
5.9971
5.9147
6.1679
6.2356
5.9772
5.8600
6.0483
6.0810
6.1928
6.1159
5.7979
5.9932
6.1537
6.1522
6.0716
5.9703
5.8192
6.1878
6.2026
6.0305
5.9702
5.9180
6.0211
6.2667
6.1151
5.8525
6.0056
5.9979
6.1886
6.1828
5.9341
5.8364
6.1355
6.1135
6.1560
6.0383
5.8138
6.0262
6.2259
6.1154
5.9940
5.9631
5.8744
6.2373
6.1878
5.9690
5.9175
6.0001
6.0585
6.2682
6.0445
5.8208
6.0304
6.0888
6.1715
6.1199
5.9011
5.8516
6.2145
6.1259
6.0949
5.9735
5.8630
6.0627
6.2751
6.0506
5.9330
5.9754
5.9534
6.2525
6.1548
5.9061
5.9003
6.0910
6.0833
6.2365
5.9738
5.8222
6.0678
6.1709
6.1187
6.0584
5.8864
5.9011
6.2698
6.1186
6.0173
5.9367
5.9353
6.0957
6.2910
5.9730
5.8961
6.0079
6.0406
6.2289
6.1117
5.8533
5.9210
6.1742
6.0918
6.1742
5.9210
5.8532
6.1116
6.2288
6.0405
6.0078
5.8959
5.9728
6.2907
6.0954
5.9350
5.9364
6.0170
6.1182
6.2693
5.9007
5.8859
6.0579
6.1181
6.1703
6.0673
5.8216
5.9732
6.2358
6.0826
6.0903
5.8996
5.9054
6.1540
6.2517
5.9526
5.9745
5.9321
6.0497
6.2742
6.0618
5.8620
5.9725
6.0939
6.1248
6.2134
5.8505
5.8999
6.1187
6.1703
6.0876
6.0292
5.8195
6.0431
6.2668
6.0571
5.9987
5.9160
5.9675
6.1863
6.2358
5.8729
5.9615
5.9924
6.1138
6.2243
6.0245
5.8121
6.0366
6.1542
6.1118
6.1337
5.8346
5.9322
6.1809
6.1867
5.9960
6.0037
5.8505
6.1131
6.2647
6.0190
5.9160
5.9681
6.0284
6.2004
6.1856
5.8169
5.9681
6.0693
6.1499
6.1513
5.9909
5.7956
6.1135
6.1904
6.0785
6.0458
5.8575
5.9747
6.2330
6.1653
5.9121
5.9945
5.9121
6.1653
6.2330
5.9745
5.8574
6.0457
6.0784
6.1902
6.1133
5.7953
5.9906
6.1510
6.1496
6.0690
5.9677
5.8165
6.1852
6.1999
6.0279
5.9676
5.9154
6.0185
6.2641
6.1125
5.8498
6.0030
5.9953
6.1860
6.1802
5.9315
5.8338
6.1329
6.1109
6.1533
6.0357
5.8112
6.0236
6.2233
6.1128
5.9914
5.9605
5.8718
6.2347
6.1852
5.9664
5.9149
5.9975
6.0559
6.2656
6.0419
5.8182
6.0279
6.0862
6.1689
6.1173
5.8985
5.8491
6.2119
6.1233
6.0924
5.9710
5.8604
6.0602
6.2725
6.0480
5.9304
5.9728
5.9509
6.2499
6.1523
5.9036
5.8977
6.0884
6.0807
6.2339
5.9713
5.8197
6.0653
6.1683
6.1161
6.0558
5.8838
5.8985
6.2672
6.1161
6.0148
5.9342
5.9327
6.0931
6.2884
5.9705
5.8936
6.0054
6.0381
6.2264
6.1092
5.8508
5.9185
6.1717
6.0892
6.1716
5.9184
5.8507
6.1091
6.2263
6.0379
6.0052
5.8934
5.9702
6.2882
6.0929
5.9324
5.9339
6.0144
6.1157
6.2668
5.8981
5.8833
6.0554
6.1156
6.1678
6.0647
5.8191
5.9707
6.2333
6.0801
6.0877
5.8970
5.9029
6.1515
6.2492
5.9501
5.9720
5.9295
6.0472
6.2717
6.0592
5.8595
5.9700
6.0914
6.1223
6.2109
5.8480
5.8974
6.1162
6.1677
6.0850
6.0267
5.8170
6.0406
6.2643
6.0546
5.9962
5.9135
5.9650
6.1838
6.2333
5.8704
5.9590
5.9899
6.1113
6.2218
6.0220
5.8096
6.0341
6.1517
6.1093
6.1312
5.8321
5.9298
6.1784
6.1842
5.9935
6.0012
5.8480
6.1106
6.2622
6.0165
5.9135
5.9657
6.0259
6.1979
6.1831
5.8145
5.9656
6.0669
6.1474
6.1489
5.9884
5.7931
6.1110
6.1879
6.0761
6.0434
5.8550
5.9722
6.2306
6.1628
5.9096
5.9920
5.9096
6.1628
6.2305
5.9721
5.8549
6.0432
6.0759
6.1877
6.1108
5.7928
5.9882
6.1486
6.1471
6.0665
5.9652
5.8141
6.1827
6.1975
6.0255
5.9652
5.9130
6.0160
6.2616
6.1100
5.8474
6.0005
5.9929
6.1835
6.1777
5.9290
5.8314
6.1304
6.1085
6.1509
6.0332
5.8087
6.0211
6.2209
6.1103
5.9889
5.9580
5.8693
6.2322
6.1828
5.9640
5.9124
5.9951
6.0534
6.2631
6.0394
5.8157
6.0254
6.0838
6.1664
6.1149
5.8961
5.8466
6.2095
6.1208
6.0899
5.9685
5.8580
6.0577
6.2701
6.0456
5.9280
5.9704
5.9484
6.2475
6.1498
5.9011
5.8953
6.0860
6.0783
6.2315
5.9688
5.8172
6.0628
6.1659
6.1137
6.0534
5.8814
5.8961
6.2648
6.1137
6.0123
5.9318
5.9303
6.0907
6.2860
5.9681
5.8911
6.0030
6.0356
6.2240
6.1068
5.8484
5.9161
6.1692
6.0868
6.1692
5.9160
5.8483
6.1067
6.2239
6.0355
6.0028
5.8910
5.9678
6.2858
6.0905
5.9300
5.9315
6.0120
6.1133
6.2644
5.8957
5.8810
6.0530
6.1132
6.1654
6.0623
5.8167
5.9683
6.2309
6.0777
6.0854
5.8947
5.9005
6.1491
6.2468
5.9477
5.9696
5.9272
6.0448
6.2693
6.0569
5.8571
5.9676
6.0890
6.1199
6.2085
5.8456
5.8951
6.1139
6.1654
6.0827
6.0243
5.8146
6.0383
6.2619
6.0522
5.9938
5.9112
5.9627
6.1815
6.2309
5.8680
5.9566
5.9875
6.1089
6.2194
6.0197
5.8073
6.0317
6.1494
6.1069
6.1288
5.8298
5.9274
6.1761
6.1819
5.9912
5.9988
5.8456
6.1082
6.2598
6.0142
5.9111
5.9633
6.0236
6.1956
6.1808
5.8121
5.9632
6.0645
6.1451
6.1465
5.9861
5.7907
6.1087
6.1856
6.0737
6.0410
5.8527
5.9698
6.2282
6.1605
5.9073
5.9897
5.9073
6.1605
6.2282
5.9697
5.8526
6.0409
6.0736
6.1854
6.1085
5.7905
5.9858
6.1462
6.1448
6.0642
5.9629
5.8118
6.1804
6.1952
6.0231
5.9629
5.9106
6.0137
6.2593
6.1077
5.8451
5.9982
5.9906
6.1812
6.1754
5.9267
5.8291
6.1281
6.1062
6.1486
6.0309
5.8064
6.0188
6.2186
6.1080
5.9866
5.9557
5.8670
6.2299
6.1805
5.9617
5.9101
5.9928
6.0511
6.2608
6.0371
5.8134
6.0231
6.0815
6.1641
6.1126
5.8938
5.8443
6.2072
6.1186
6.0876
5.9662
5.8557
6.0554
6.2678
6.0433
5.9257
5.9681
5.9462
6.2452
6.1475
5.8989
5.8930
6.0837
6.0760
6.2292
5.9666
5.8150
6.0606
6.1636
6.1114
6.0511
5.8791
5.8939
6.2625
6.1114
6.0101
5.9295
5.9280
6.0884
6.2838
5.9658
5.8889
6.0007
6.0334
6.2217
6.1045
5.8461
5.9138
6.1670
6.0846
6.1670
5.9138
5.8460
6.1044
6.2216
6.0333
6.0006
5.8887
5.9656
6.2835
6.0882
5.9278
5.9292
6.0098
6.1111
6.2622
5.8935
5.8787
6.0507
6.1110
6.1632
6.0601
5.8145
5.9660
6.2286
6.0755
6.0831
5.8924
5.8982
6.1469
6.2445
5.9455
5.9674
5.9249
6.0426
6.2670
6.0546
5.8548
5.9654
6.0868
6.1177
6.2063
5.8434
5.8928
6.1116
6.1631
6.0805
6.0221
5.8124
6.0360
6.2597
6.0500
5.9916
5.9089
5.9604
6.1792
6.2287
5.8658
5.9544
5.9853
6.1067
6.2172
6.0174
5.8050
6.0295
6.1471
6.1047
6.1266
5.8275
5.9252
6.1738
6.1797
5.9890
5.9966
5.8434
6.1060
6.2576
6.0120
5.9089
5.9611
6.0214
6.1934
6.1786
5.8099
5.9610
6.0623
6.1429
6.1443
5.9839
5.7885
6.1065
6.1834
6.0715
6.0388
5.8505
5.9676
6.2260
6.1583
5.9051
5.9875
5.9051
6.1583
6.2260
5.9676
5.8504
6.0387
6.0714
6.1832
6.1063
5.7883
5.9836
6.1441
6.1426
6.0620
5.9607
5.8096
6.1782
6.1930
6.0210
5.9607
5.9085
6.0115
6.2571
6.1055
5.8429
5.9961
5.9884
6.1791
6.1732
5.9245
5.8269
6.1259
6.1040
6.1464
6.0288
5.8043
6.0167
6.2164
6.1058
5.9845
5.9535
5.8649
6.2278
6.1783
5.9595
5.9080
5.9906
6.0490
6.2587
6.0350
5.8113
6.0210
6.0793
6.1620
6.1105
5.8916
5.8422
6.2051
6.1164
6.0855
5.9641
5.8535
6.0533
6.2657
6.0412
5.9235
5.9659
5.9440
6.2431
6.1454
5.8967
5.8909
6.0816
6.0739
6.2270
5.9644
5.8128
6.0584
6.1615
6.1093
6.0490
5.8770
5.8917
6.2604
6.1092
6.0079
5.9274
5.9259
6.0863
6.2816
5.9636
5.8867
5.9986
6.0312
6.2196
6.1024
5.8440
5.9117
6.1649
6.0824
6.1648
5.9116
5.8439
6.1023
6.2195
6.0311
5.9984
5.8866
5.9635
6.2814
6.0861
5.9256
5.9271
6.0076
6.1089
6.2600
5.8914
5.8766
6.0486
6.1089
6.1610
6.0580
5.8123
5.9639
6.2265
6.0734
6.0810
5.8903
5.8961
6.1448
6.2424
5.9434
5.9653
5.9228
6.0405
6.2649
6.0525
5.8527
5.9633
6.0846
6.1155
6.2042
5.8413
5.8907
6.1095
6.1610
6.0783
6.0200
5.8103
6.0339
6.2576
6.0479
5.9895
5.9068
5.9584
6.1772
6.2266
5.8637
5.9523
5.9832
6.1046
6.2151
6.0154
5.8029
6.0274
6.1451
6.1026
6.1245
5.8255
5.9231
6.1718
6.1776
5.9869
5.9945
5.8414
6.1040
6.2555
6.0099
5.9068
5.9590
6.0193
6.1913
6.1765
5.8078
5.9589
6.0602
6.1408
6.1422
5.9818
5.7865
6.1044
6.1813
6.0694
6.0368
5.8484
5.9656
6.2240
6.1562
5.9030
5.9854
5.9030
6.1562
6.2239
5.9655
5.8483
6.0366
6.0693
6.1811
6.1042
5.7863
5.9816
6.1420
6.1405
6.0599
5.9586
5.8075
6.1762
6.1909
6.0189
5.9586
5.9064
6.0095
6.2551
6.1035
5.8408
5.9940
5.9863
6.1770
6.1712
5.9225
5.8248
6.1239
6.1019
6.1444
6.0267
5.8022
6.0146
6.2144
6.1038
5.9824
5.9515
5.8628
6.2257
6.1763
5.9575
5.9059
5.9886
6.0469
6.2566
6.0329
5.8092
6.0189
6.0773
6.1600
6.1084
5.8896
5.8401
6.2030
6.1144
6.0834
5.9621
5.8515
6.0513
6.2636
6.0392
5.9215
5.9639
5.9420
6.2410
6.1434
5.8947
5.8889
6.0795
6.0719
6.2250
5.9624
5.8108
6.0564
6.1595
6.1072
6.0470
5.8749
5.8897
6.2584
6.1072
6.0059
5.9253
5.9239
6.0843
6.2796
5.9616
5.8847
5.9966
6.0292
6.2176
6.1004
5.8420
5.9097
6.1628
6.0804
6.1628
5.9096
5.8419
6.1003
6.2175
6.0291
5.9964
5.8846
5.9615
6.2794
6.0841
5.9236
5.9251
6.0057
6.1069
6.2580
5.8894
5.8746
6.0466
6.1069
6.1590
6.0560
5.8104
5.9619
6.2245
6.0714
6.0790
5.8883
5.8941
6.1428
6.2404
5.9414
5.9633
5.9208
6.0385
6.2629
6.0505
5.8508
5.9613
6.0827
6.1136
6.2022
5.8393
5.8887
6.1075
6.1591
6.0764
6.0180
5.8083
